-0.8182295186979403
1.2989523509647434
-0.8182295186979403
1.116630794170785
-0.307403894931948
-0.3763967664189032
0.17275210577779987
-0.056089466651048525
-0.11492996667398003
-0.05608946665104497
1.7609878105613035
1.1856236656577401
-0.40261203912575994
0.28038276997017064
-0.8080771472339272
1.8787708462176873
0.20034006229663603
0.16259973431378327
-1.0185695809945763
2.207274913189721
-0.27923301796525735
0.28038276997017064
-0.2586137307625158
1.7609878105613035
0.3857432856279921
-1.847848935879096
0.5680648424219505
-0.2972515234679385
-0.4026120391257564
0.008449054486526109
2.284235954325851
-0.009569451016151476
-0.41276441058977653
-0.2327130023303603
0.9343092373768336
1.7044174590729035
0.568064842421947
0.3857432856279921
-0.12508233813799308
2.9773831348857946
0.7599558502320569
-0.23841102344499632
2.166452918669467
1.0112702785129635
0.061693569005338844
-0.41276441058977653
0.35449074212388965
0.029068341689260535
-0.5305474462461568
-0.8182295186979367
0.38574328562799565
-0.5565341213980126
-0.4615545747592087
0.34937564145711875
1.6964492894237324
-0.0842603436177356
2.571918026777631
0.38574328562799565
-0.6539264674066665
-0.16144998230886998
-0.7672551527136626
1.8787708462176873
0.4502818067655632
1.5866344234165233
-0.7672551527136626
-0.40261203912575994
0.20034006229663603
2.166452918669467
0.17275210577779987
1.5220959022789522
1.1166307941707885
-1.0593915755148338
-0.7672551527136662
-1.2600622709769773
-0.8080771472339201
0.4139141625946898
1.8787708462176873
-1.1059115911497202
-0.05608946665104497
-0.88503818837005
-0.7796776727122285
-0.2586137307625158
-1.13635261665096
1.5866344234165233
-0.7004464830415564
-1.1059115911497202
2.389596469983676
0.20342172883404075
-0.08734201015514742
-0.7308875085427964
0.7111656860626248
-0.307403894931948
-0.9903987040278786
1.181169315308356
1.1166307941707885
0.3857432856279921
-0.6539264674066665
2.166452918669467
0.34937564145711875
-1.2600622709769809
2.389596469983676
-0.5973561159182701
1.5220959022789522
1.6274564179367808
0.12623209014290993
1.8787708462176873
-0.6539264674066665
-0.5973561159182701
0.8934872428565761
-0.40261203912575994
1.1166307941707885
-0.2327130023303603
-0.179468487811544
1.4733057381095236
-0.16144998230886642
2.677278542435456
-0.6539264674066665
-0.37421256460406127
-0.8182295186979403
0.34937564145711875
0.3493756414571223
1.6274564179367808
1.4043128666225684
0.7912083937361594
-0.7004464830415564
0.008449054486522556
0.35449074212388965
1.1856236656577401
0.16259973431378327
-0.29725152346793493
2.207274913189721
0.5035263212843795
0.23159260580073493
0.28038276997017064
2.571918026777631
2.389596469983676
-0.11492996667398003
0.23159260580073493
-0.5669150904170372
2.7950615780918397
-0.29725152346793493
1.404312866622572
0.6734253580797755
0.1082135846402359
0.568064842421947
-0.2792330179652538
1.4043128666225684
2.454134991121247
1.1811693153083596
-0.5669150904170372
0.12623209014290993
0.8557469148737304
-1.0673597451640084
-0.17946848781154756
-1.5781853689299972
0.568064842421947
-0.41276441058977653
0.9343092373768371
0.6466271649250537
0.9343092373768371
2.571918026777631
1.4733057381095236
0.1082135846402359
2.677278542435456
-0.11492996667398003
1.4733057381095236
-0.5669150904170337
-0.6539264674066665
1.5220959022789522
0.7912083937361558
-1.0593915755148338
0.16259973431377972
-0.5669150904170372
2.389596469983676
-1.7889064002456472
2.0329215260449445
-0.5669150904170372
-0.12508233813799663
2.50737950564006
0.061693569005338844
0.9343092373768371
0.6466271649250537
-0.4026120391257564
-0.2972515234679314
-0.056089466651048525
0.5680648424219505
0.5680648424219505
0.23159260580073493
-0.08426034361773915
0.03125254350410245
0.16259973431378327
0.12623209014290993
-0.8080771472339272
0.28038276997017064
1.2989523509647434
0.35449074212388965
-0.30967404346649374
-0.12508233813799663
-0.29725152346793493
0.7111656860626248
0.7111656860626248
-0.2972515234679385
-0.8182295186979367
-0.9416085398584464
0.3857432856279921
1.0112702785129635
0.48802213474841594
-0.12508233813799663
-0.08653049215228492
0.5316971982510736
-0.40261203912575994
1.4733057381095236
0.568064842421947
1.7452394535931646
0.9735299505301107
0.16259973431378327
0.45028180676556673
1.8787708462176873
-0.7672551527136662
-0.7027166315760986
0.20342172883404075
-0.19189100781010637
-0.4795730802618863
2.284235954325851
0.12623209014290993
0.9735299505301107
1.1856236656577401
2.389596469983676
-0.29725152346793493
0.2034217288340372
-0.37421256460406127
-0.2586137307625158
1.0112702785129635
0.38574328562799565
-0.16144998230886998
0.28038276997017064
0.17275210577779987
0.21357410029805024
-0.3662443949548866
-0.009569451016155028
0.16259973431378327
0.16259973431378683
0.29053514143418013
0.5978370007556233
0.6058051704047962
-0.009569451016151476
0.031252543504106
-0.5565341213980197
1.8787708462176873
-0.8442161938497996
-0.8182295186979403
1.5220959022789522
-0.675128675057266
0.7111656860626248
1.9841313618755123
0.16259973431378683
1.5220959022789557
0.029068341689264088
0.28038276997017064
-0.7492366472109886
-0.7492366472109886
0.12623209014290993
0.4139141625946898
-0.972380198525201
0.16259973431378327
-0.2792330179652538
0.03125254350410245
1.9841313618755123
0.7111656860626248
0.12623209014290993
1.6274564179367808
-0.2327130023303603
-0.05608946665104497
2.284235954325851
-0.7027166315760986
0.34937564145711875
-0.29725152346793493
1.0112702785129635
-0.4795730802618827
1.7609878105613035
0.7599558502320569
2.389596469983676
2.7950615780918397
-1.2135422553420874
-0.16144998230886998
-0.7492366472109886
-0.37421256460406127
1.2989523509647434
1.8787708462176873
-0.7492366472109886
1.8787708462176873
2.677278542435456
-0.30967404346649374
-0.4795730802618863
0.6058051704047998
2.389596469983676
1.5220959022789522
-0.5203950747821402
0.23159260580073848
1.6274564179367808
-0.5305474462461603
0.16259973431378327
-0.2327130023303603
2.389596469983676
-0.37421256460406127
0.10821358464022879
1.0112702785129635
-0.2586137307625158
-0.8182295186979367
0.5680648424219505
1.0678406300013563
1.8787708462176873
2.389596469983676
1.8787708462176873
-0.7004464830415564
0.23159260580073493
-0.11492996667398003
-0.7672551527136662
-0.5203950747821402
0.10821358464022879
2.389596469983676
0.28038276997017064
-0.5669150904170372
-0.11492996667398003
1.6274564179367808
2.284235954325851
-0.5669150904170372
-0.3763967664189032
-0.5565341213980197
-0.5260930958967798
2.166452918669467
-0.11551288712184515
0.29053514143418013
1.7609878105613035
-0.009569451016155028
1.6964492894237324
0.20034006229663603
0.09579106464166998
-1.2905032964782173
0.28038276997017064
0.23159260580073848
-0.7492366472109886
-0.47957308026188983
2.166452918669467
1.6964492894237324
-0.7308875085427964
-0.7672551527136626
-0.009569451016151476
0.568064842421947
-0.19189100781010637
1.9841313618755123
-0.7308875085427964
0.4139141625946898
0.10821358464022879
-0.5669150904170372
0.09579106464166998
-2.165972033832116
2.0329215260449445
-0.4795730802618863
0.3493756414571223
0.5680648424219505
0.3857432856279921
-1.7889064002456472
0.10821358464022879
-0.3763967664189032
-0.8182295186979438
-1.8658674413817806
2.389596469983676
1.1166307941707885
2.7950615780918397
-0.6539264674066665
1.1166307941707885
2.571918026777631
-1.5781853689300007
0.3857432856279921
-1.529395204760565
-0.7672551527136662
-0.019721822480168072
0.8934872428565797
0.16259973431378327
-0.056089466651048525
0.12623209014290993
-0.6539264674066665
0.4502818067655632
-0.5305474462461603
-0.4795730802618863
0.5680648424219505
-0.2972515234679314
0.7599558502320569
-0.11492996667397648
-0.2792330179652538
0.20034006229663603
-0.4795730802618863
-0.3750240826069273
-0.88503818837005
1.1166307941707885
0.6466271649250537
0.8557469148737304
-0.20512504581153124
-0.019721822480168072
-1.529395204760565
-0.5203950747821438
1.2989523509647434
0.6466271649250537
0.3313571359544376
0.17275210577780342
0.472273777780277
-0.2586137307625158
0.38574328562799565
-0.08653049215228137
-0.41276441058977653
0.23159260580073848
0.10821358464023234
-0.08653049215228137
1.1166307941707885
-0.11492996667397648
2.284235954325851
1.5220959022789522
1.0112702785129635
0.7912083937361558
0.6058051704047998
0.10821358464022879
2.454134991121247
2.0329215260449445
0.3493756414571223
-0.3763967664189032
2.284235954325851
2.7950615780918397
0.4083181770905675
-0.056089466651048525
0.029068341689264088
0.4139141625946898
-0.8080771472339237
0.9343092373768336
1.8787708462176873
0.3857432856279921
-1.5012243277938673
0.20034006229663603
0.2034217288340372
0.16259973431378327
-0.8080771472339237
0.5035263212843795
-0.8080771472339272
0.9343092373768336
0.12623209014290993
-0.5669150904170337
2.7950615780918397
0.3857432856279921
1.1856236656577401
0.029068341689264088
2.207274913189721
-0.8464003956646344
0.20342172883404075
-0.2792330179652538
0.20034006229663603
0.6734253580797755
-0.05608946665104497
0.6734253580797791
0.20034006229663603
0.28038276997017064
-1.5781853689299972
1.1166307941707885
2.284235954325851
0.10821358464022879
0.8934872428565797
-0.2972515234679385
-1.2905032964782173
-0.3074038949319515
1.0112702785129635
0.7912083937361594
-0.2792330179652538
0.029068341689264088
0.16259973431378683
0.9343092373768336
-0.29725152346793493
-0.16144998230886998
0.008449054486526109
2.859600099229411
2.677278542435456
0.42348361361084486
2.677278542435456
-0.5973561159182736
1.1166307941707885
-0.9723801985251974
1.6274564179367808
-0.8182295186979367
0.7111656860626248
0.6058051704047962
2.166452918669467
-0.3742125646040684
0.8934872428565761
-1.0028212240264338
0.28038276997017064
-0.8182295186979367
-1.5781853689299972
0.8934872428565797
-0.40261203912575994
-0.3763967664189032
0.3857432856279921
-0.47957308026188983
0.17275210577780342
-0.12508233813799308
-0.17946848781154756
0.28038276997017064
0.16259973431378683
-0.7672551527136662
-0.12508233813799663
-0.2428653737943769
0.008449054486526109
-0.08734201015514387
-0.056089466651048525
-1.2135422553420874
0.5316971982510736
-0.3763967664189032
0.9735299505301107
2.50737950564006
-0.3763967664189032
-0.08653049215228137
1.7452394535931646
0.8934872428565761
2.859600099229411
0.3857432856279921
-0.2428653737943769
0.48802213474841594
0.8934872428565761
-0.05608946665104497
-0.19189100781010637
0.8934872428565797
2.454134991121247
0.42348361361084486
-0.2972515234679385
-0.3742125646040648
2.389596469983676
-0.11492996667398003
1.0476379226838368
-0.056089466651048525
-0.5260930958967798
2.207274913189721
-1.5012243277938673
-0.16144998230886998
-1.1059115911497202
0.3493756414571223
-0.019721822480168072
2.7950615780918397
2.859600099229411
-0.4615545747592087
1.298952350964747
0.9343092373768371
-0.307403894931948
0.29053514143418013
3.0951661705421785
-0.5973561159182772
-0.5973561159182701
0.12623209014290993
-0.05608946665104497
-0.8182295186979438
0.9735299505301107
0.23159260580073493
2.207274913189721
0.7599558502320569
0.008449054486526109
2.284235954325851
-1.1059115911497202
2.389596469983676
-2.165972033832116
1.0112702785129635
-0.08426034361773915
-0.12508233813799663
-0.7027166315760986
-1.2135422553420874
-0.08653049215228137
0.029068341689260535
0.48802213474841594
-0.19189100781010993
0.8979415932059602
0.35449074212388965
-0.019721822480168072
0.5978370007556233
-1.5781853689300007
2.207274913189721
1.8787708462176873
0.16259973431378327
0.1082135846402359
-1.619007363450251
0.03125254350410245
1.6964492894237324
1.6964492894237324
0.09579106464167353
-1.1363526166509637
0.7599558502320569
-0.6539264674066665
-0.5260930958967798
-0.009569451016151476
-0.47957308026188983
1.9841313618755123
0.20034006229663248
2.207274913189721
-0.05608946665104497
0.42348361361084486
0.28038276997017064
0.3857432856279921
1.404312866622572
-0.08426034361773915
0.2135741002980538
-0.009569451016155028
0.7111656860626248
-0.3742125646040684
-0.29725152346793493
0.9343092373768336
-0.11492996667398003
-0.05608946665104497
-0.7308875085427964
-0.11492996667398003
0.5316971982510772
1.116630794170785
-1.2135422553420874
2.284235954325851
-0.7492366472109886
1.704417459072907
-0.11492996667398003
-0.5669150904170337
0.35449074212388965
0.10821358464023234
-0.056089466651048525
-0.7308875085427964
0.48802213474841594
0.28038276997017064
1.1856236656577401
2.389596469983676
0.5680648424219505
0.5680648424219505
0.7912083937361594
-0.2327130023303674
2.9773831348857946
1.2344138298271723
0.23159260580073848
0.6734253580797755
0.6466271649250537
-0.7308875085427964
0.4139141625946898
0.3857432856279921
1.0112702785129635
0.9343092373768336
2.0329215260449445
2.166452918669467
-0.05608946665104497
1.298952350964747
-0.5973561159182772
-0.08734201015514742
0.48802213474841594
-0.08426034361773915
-0.846400395664638
-0.5565341213980126
0.5035263212843795
0.9343092373768336
1.2344138298271758
-0.6539264674066665
1.1166307941707885
0.17275210577780342
2.389596469983676
-0.16144998230886998
-0.3074038949319515
-1.5012243277938673
-0.7027166315760951
1.4733057381095236
0.8934872428565797
2.389596469983676
1.8787708462176873
1.1856236656577401
0.7912083937361594
1.2344138298271723
1.1166307941707885
1.5220959022789522
-0.05608946665104497
-0.6751286750572643
1.2989523509647434
-0.5260930958967762
-0.256429528947681
-0.3742125646040648
-0.16144998230886998
0.5316971982510701
1.1166307941707885
-0.9416085398584464
-0.2972515234679385
-0.3742125646040684
1.1856236656577401
1.1166307941707885
1.2989523509647434
0.28038276997017064
1.2344138298271723
0.5680648424219505
1.0112702785129635
1.1166307941707885
1.5220959022789522
0.42348361361084486
-0.4432054360910165
-0.11492996667397648
0.673425358079772
0.7599558502320569
-0.2972515234679314
0.17275210577780342
0.8979415932059602
0.3857432856279921
0.29053514143418013
0.6058051704047962
2.389596469983676
2.677278542435456
-0.12508233813799308
1.8787708462176873
-0.29725152346793493
0.7912083937361594
-0.8080771472339272
0.3857432856279921
0.12623209014290993
-0.17946848781154756
1.704417459072907
2.284235954325851
0.17275210577780342
-0.5305474462461568
1.1166307941707885
0.23159260580073493
-0.40261203912575994
0.20034006229663603
-0.41276441058977653
0.008449054486522556
0.17275210577780342
0.6058051704047962
-0.11492996667398003
0.5316971982510701
1.7452394535931646
-0.846400395664638
0.10821358464022879
0.3857432856279921
1.157452788691046
0.8557469148737269
-0.990398704027875
-0.056089466651048525
-0.17946848781155111
0.6058051704047962
-0.19189100781010637
-0.05608946665104497
2.571918026777631
0.29053514143418013
0.8557469148737304
0.35449074212388965
0.7599558502320569
0.17275210577780342
1.0678406300013563
0.12623209014290993
0.9735299505301107
0.8979415932059602
-0.08653049215228137
-0.37639676641889963
0.12623209014290993
0.12623209014290993
0.029068341689264088
1.0112702785129635
0.16259973431378327
-0.056089466651048525
1.6274564179367808
-0.08734201015514742
0.34937564145711875
0.029068341689264088
-0.05608946665104497
-0.990398704027875
-0.2792330179652538
0.35449074212388965
-0.7004464830415564
-1.0593915755148338
-0.3096740434664973
1.6274564179367808
2.166452918669467
0.45028180676556673
0.029068341689264088
0.48802213474841594
-0.5565341213980197
1.9195928407379412
-0.4795730802618863
-0.11492996667398003
-0.11551288712184515
-0.29725152346793493
1.157452788691046
-1.1363526166509637
-0.30967404346649374
0.3857432856279921
-0.972380198525201
2.389596469983676
-0.37639676641889963
-0.5305474462461603
0.8979415932059602
2.571918026777631
-0.9903987040278786
0.029068341689264088
-0.5203950747821473
-0.9416085398584464
0.6734253580797791
0.17275210577779987
1.1166307941707885
-0.41276441058977653
-0.12508233813799308
0.1082135846402359
2.9773831348857946
0.21357410029805735
-0.05608946665104497
0.8934872428565797
-0.056089466651048525
0.29053514143418724
0.8934872428565761
-0.05608946665104497
1.1856236656577401
-0.5669150904170372
-0.009569451016151476
-0.23841102344499987
-0.749236647210985
2.284235954325851
-0.19189100781010993
-0.5260930958967798
0.12623209014290993
-0.019721822480168072
0.0616935690053424
1.0112702785129635
1.9841313618755123
-0.41276441058977653
2.0329215260449445
-0.08734201015514742
-0.41276441058977653
-0.009569451016155028
-0.2327130023303674
1.1856236656577401
-0.5260930958967798
0.5035263212843795
-0.2327130023303674
1.7452394535931646
0.4139141625946898
1.8787708462176873
-0.019721822480168072
-0.307403894931948
-0.6846981260734175
-1.0593915755148338
1.704417459072907
0.5680648424219505
-1.1059115911497202
1.116630794170785
-0.7492366472109886
-1.3778453066333647
-0.05608946665104497
0.6466271649250537
0.17275210577779987
-0.3763967664189032
-0.009569451016151476
-0.3763967664189032
1.1811693153083596
1.1166307941707885
-0.41276441058977653
0.6734253580797791
0.17275210577779987
0.29053514143418724
-0.12508233813799308
-0.256429528947681
-1.0593915755148338
-0.11492996667398003
1.8787708462176873
0.38574328562799565
-1.1059115911497202
0.5316971982510736
-0.8182295186979438
1.6274564179367808
-0.8080771472339272
0.12623209014290993
0.20342172883404075
-0.5203950747821402
1.6964492894237324
0.9735299505301107
-0.9360125543543241
0.20034006229663603
0.6466271649250537
-0.41276441058977653
-0.8182295186979438
2.454134991121247
0.20034006229663603
1.6274564179367808
2.9773831348857946
-0.2428653737943769
0.4139141625946898
-0.08734201015514742
1.2344138298271723
0.10821358464022879
1.9841313618755123
0.7599558502320569
0.5680648424219505
-0.256429528947681
-0.2792330179652538
-0.846400395664638
0.8979415932059602
0.5680648424219505
0.5316971982510736
0.35449074212388965
-0.5669150904170301
0.8557469148737304
0.4139141625946898
0.7599558502320569
-2.165972033832116
0.17275210577779987
1.116630794170785
0.9343092373768336
0.3493756414571223
-1.1363526166509637
1.5866344234165233
0.16259973431378327
0.10821358464022879
0.12623209014290993
0.8934872428565761
-0.2586137307625158
0.031252543504098895
-0.19189100781010637
1.157452788691046
-0.5973561159182701
0.3857432856279921
2.50737950564006
-0.2972515234679385
0.5035263212843795
-0.29725152346793493
-0.5305474462461603
2.454134991121247
-0.2792330179652538
1.8787708462176873
1.1856236656577401
-0.16144998230886998
0.8557469148737304
-0.7027166315760951
0.7912083937361558
0.5680648424219505
0.3857432856279921
0.5680648424219505
0.3857432856279921
-0.3742125646040684
2.9773831348857946
-0.5565341213980126
0.12623209014290993
1.9195928407379412
-0.972380198525201
-0.8182295186979403
-0.5260930958967798
2.207274913189721
2.571918026777631
0.7912083937361558
2.9773831348857946
1.704417459072907
0.7912083937361594
2.0329215260449445
0.9343092373768371
0.4502818067655632
-0.12508233813799308
-0.4615545747592087
0.34937564145711875
1.7452394535931646
-0.41276441058977653
0.7599558502320569
-0.41276441058977653
-0.29725152346793493
0.38574328562799565
1.9841313618755123
-0.30967404346649374
-0.6539264674066665
2.389596469983676
-1.0673597451640084
-0.307403894931948
1.704417459072907
1.0112702785129635
-1.1059115911497202
0.5316971982510736
0.23159260580073493
0.34937564145711875
1.8787708462176873
-0.7027166315760986
-0.05608946665104497
1.0112702785129635
-0.05608946665104497
2.389596469983676
2.284235954325851
0.6058051704047998
0.568064842421947
0.008449054486522556
-0.7308875085427964
0.17275210577779987
-0.7027166315760951
1.6964492894237324
-0.9416085398584464
2.389596469983676
-1.3778453066333611
0.5680648424219505
-0.6751286750572643
0.9735299505301107
2.284235954325851
-0.675128675057266
1.1166307941707885
0.17275210577780342
-0.2792330179652538
1.1166307941707885
-0.972380198525201
