-0.5808510198671257
-0.2960138995475816
0.23134470264699303
-0.08837453476934343
2.737128670860905
-0.4419998506168099
1.6360502896976001
5.5278918081925426
0.5951667721997396
0.4074934003338413
-0.11711436294675792
0.5773924371292409
0.3973410288698247
-1.4746688958892165
-0.5231074077147753
0.7808272302592201
0.17113666071574585
2.706491701399031
-0.5771746289850554
-1.0517542334891132
1.384483877038413
1.709779402214295
0.40525590539364487
-0.05203892904459906
0.37404546626628843
0.8891624398083664
0.257662010964367
1.2184236165501687
1.5991783738660885
0.2850118438959086
5.196534672238094
-0.017680465958555658
0.5199433509621514
1.5118363637109198
1.5430889072150293
1.3844838770383845
-0.25577044134660554
0.8183103235139484
0.667620169861145
-0.46966558970160577
0.8201695683214325
-1.0292813776370409
2.253235929454526
1.6845884694887516
0.19357747812168213
-1.0534554308129032
-0.30673522222230787
-0.24879218692195337
6.013162909569054
0.1259012625194771
-1.369308380231395
0.11490360438598657
-0.08655171253658267
0.9502832164352881
-1.3518588259394377
0.2516524678250107
4.254926132379644
1.4769491047104921
1.2669528257603204
1.5912634973422541
0.031911631105174365
0.09926679865042587
3.6560896312909463
0.9569568168052385
-0.5066212962240471
-0.8342197319749332
-0.18841527380136824
2.6168795427093485
0.1381604665502536
0.35004431416675885
0.41672102943587674
0.42155150462041746
-0.9804912134676087
1.2446388892570468
-1.6012367611013403
2.408203639875083
2.8136687479832503
2.288706108902815
-1.1983577076809766
-0.7595348862182618
-0.4603489892850021
0.9569568168052385
0.280134866816411
0.7157947599883698
-0.4679753370200572
-0.1841707413146878
-0.5528142169571026
3.04728359916475
-0.7232501665170687
-0.7675859803371097
-0.20083779379991284
2.414355278597867
4.592182990461275
0.4224510889966808
-1.8889188335531202
-0.5070848696275192
3.606899387100178
0.9125050542344155
3.1119568095071983
1.2890234455622291
3.2128629748156428
0.020623671331321702
2.077883041976662
-1.483453725444953
0.8183103235139342
2.7706513628995566
-1.0904111373353444
2.061882700630214
-0.5509980567174324
0.3753621221510244
5.155712677717837
0.5721883651478947
1.2956132552412996
-0.3867779298958496
2.4206261598736347
0.9983617317733646
-0.08667333744551797
1.5957178476916312
-0.306735222222315
0.12598418698915737
5.407027105998743
-0.25577044134659843
0.9349779100864737
-0.07266260037591366
2.28502625194443
2.637498829912083
0.26203343684404956
0.17477435115858952
-0.5426298070469215
-0.8491913898749104
-0.3194862557327127
1.6848404538670465
0.6674985449522097
-0.279480921119017
-0.1630974658170885
-0.21234161828138554
0.37589903491561927
0.332838930306977
-0.8435571062487242
3.0613130766884495
0.2234815908583414
1.9237323621493871
3.667524008916608
-1.4434163523851211
0.18574126287549575
0.23226127851037148
5.715328465653251
0.050476634481000815
-0.3665752225783194
-0.05773695015921021
-0.13546350161494303
-0.4978364666683035
2.503550857402324
0.43520212250707146
3.1119568095071983
0.439900643288631
1.2453564989097643
2.4185576445689208
-0.6462891253809389
-0.2725816986587688
-0.4530176483572177
-0.5772962538939979
-0.76918726170409
3.327585564318916
1.8389911336943001
-0.5961184919979132
-0.6054671308606814
0.06747734238174274
-1.208200219836641
3.5844265312481127
0.9183190240998371
0.2044114496006415
2.0190425419537306
0.08953361834859663
-0.17818203538250543
-0.9137684905151886
2.0618827006302
-1.7892372278691013
0.5391712243090367
-0.2211152590885348
-0.3467725952821539
1.0640549523616158
0.8138559731645785
1.5670574182106662
-0.6238162695288878
0.9671091882692551
0.6938158532695979
-0.106527114328685
0.5044856663211519
0.9632704119620925
3.1650666348211303
3.682406939608306
-2.112062384867322
-0.6542572950301135
1.6276820400270964
3.5727080223518826
-0.7257740705923368
-0.36372215359592275
0.6575698340076457
-1.8784328066735725
-0.4270421619539633
0.2683004091693988
3.771202438391448
-2.1648493728275824
0.4443549936380009
1.3883226533455684
1.4038268398815248
-0.6049302180961078
0.19930753768244358
3.8010554015411344
4.020732744878849
-0.041031197234758565
-2.1929261365760055
2.5374153713551024
0.20665122240533407
-0.08837453476934343
1.0724697039270907
-0.24879218692194627
1.0522669966095748
1.1864139632763013
-1.2082002198366482
2.8171713785344465
4.879865062913048
-0.6260864180634158
3.312627504969335
3.675892258587126
0.98942312477255
0.20602689466267066
1.0522669966095606
0.1948941340064323
-0.3194862557327127
3.2704271504789517
0.5334732031944114
1.7695816823221335
3.3684075588391593
-0.2795638455886902
-0.2320903373040295
0.1829902295035808
1.5430889072150435
0.24012953220270106
0.45269677257442
-0.20957147376866203
-1.7303967278461627
0.18606231093242798
1.5042521203526178
2.7504109353338535
-0.6260864180634087
1.212566676086773
-0.7525645541858381
2.6858724141962895
0.6446950559346334
0.0767518384216146
0.0987298858858594
0.2955561288826942
-0.20445637310189824
-1.260310174130744
-0.5101569510563522
0.8678386072488422
-0.24879218692194627
2.37571748589243
3.6560896312909463
0.5370643917422768
1.8178675748309274
2.8202261485294002
0.5497155092958224
-0.6005318956739245
0.0025222413589602866
1.5430889072150435
-0.345955935375585
-1.2335388775184768
0.9851276937719504
0.3454900478605367
-0.3194862557326985
1.2512044687921815
-0.07002539610111569
0.4443549936380009
0.6850231013215975
1.8841327893590645
3.3504698581524863
0.5597905115117712
0.12590126251946288
0.3371409093308557
1.9173014718191013
-0.18995168689900765
-0.23742130267842754
0.08953361834858242
2.7992010995032857
5.678960821482384
1.9440996649738338
-0.3580492904670223
-0.27510949523931316
4.274728759675831
1.36242192491342
-0.5615478969258447
0.22129436679345815
0.12690076285255714
0.42415228632048496
3.963574331038913
0.2345314270449066
0.6630441946028185
-0.041854519134417956
0.3680628196694329
0.19489413400640387
-0.011184896078219708
-0.5084748648733708
0.1680498522746774
0.22348159085831298
0.8699454398156163
1.2446388892570468
2.771030222536602
5.407027105998743
2.161764525957352
5.543159280323316
1.029410214466651
-0.31948625573272693
5.950894536966025
2.6633995583442314
-0.12556836487902245
-0.4335739103027336
0.6504395789442228
0.6676201698611592
0.7009061474946066
-0.4530176483572177
0.4554048298245661
4.474399954804902
-0.21835116142071342
0.8296173944286522
-0.44937995791441665
1.8824142128186665
-0.8936431524457404
-0.7657733583611233
2.658701037562686
0.7969491965145892
0.3680628196694329
4.282028062157437
4.454197247487386
0.05250054257810177
1.7695816823221335
-0.36145200506138764
2.2625533960923505
3.395590293432967
-0.50262447243324
-0.22062130995525564
3.618328082923803
0.8297390193375733
0.022647579428415554
0.7583543744071477
0.8391737811488582
0.8006706776482915
0.00820115133276289
1.3334425670291665
0.2198947864390277
-0.44946288238410403
0.17113666071574585
-0.7928925995728022
-1.228402927154164
0.552074629144947
1.5507209988909736
1.9984188706224089
3.5327914149464448
0.4624564236103623
1.1108256059521509
0.10788275701678174
2.547886671222386
-1.418915204307389
5.224705549204792
-1.6056971582956265
0.49326678271636837
0.802806136977992
-0.3084364195461333
1.6135774338455562
0.2393128722961535
0.19357747812168213
1.533038571361537
-0.12611486275216066
2.653247186880222
0.4825762064582051
0.8234254241807264
-2.3768601634855244
-0.07376993260959352
0.8576249554275535
-0.8562446463770286
0.733813265491051
-0.6853882136252878
-1.1087455489912799
1.3751664104005599
0.8659850385995114
0.32694556726885793
1.69723958704229
4.012364495208338
0.5594065852208914
-1.1268617059759052
1.2256346764295927
-0.5662464177073971
1.7695816823221264
-0.9037181546616821
0.0876800496992658
0.11758415546923828
0.9828575452374011
-0.8549279904922642
-0.4608859020495757
-0.4311137437159118
0.6938158532695695
0.6446950559346476
2.3115768041860036
-0.15963755479083375
-1.4281488802543123
-1.1650829187961023
-1.0779886173367927
0.30466805334027924
0.19052270812673555
3.1119568095071983
-0.6067837867454386
0.8228928955447259
1.734979915025157
-0.9489176219065598
1.7861523809988569
0.3063692506640905
0.33911610288911476
3.319217314648391
4.369039439147066
-0.14553294860925803
4.713879925438796
0.4224510889966666
2.2965722429414797
-0.3484737926059651
0.27955799321343733
-0.04836920015563351
1.1182057132497718
2.5803404160721257
0.9671091882692693
0.11229616069280723
1.502266912694786
0.7338132654910368
-0.16078130959923698
5.217736879888697
-0.6317844391780554
5.0423839924108265
-0.09855894467949611
2.288706108902808
2.126673206146087
-0.5528142169570955
-0.647990322704743
0.887682054637942
2.696922250382862
0.17110462226959555
-0.13546350161494303
-0.6795751030144004
1.0259496882921937
-0.14734910884891406
1.5991783738660743
3.2252854948142087
0.8678386072488422
0.2902043138107331
2.311343560261797
1.5975770924991153
1.2807246427475505
0.7157947599883485
1.161592310102499
1.8852591649508739
3.1511775226604684
0.2049691362223527
-0.6361558650577521
2.2109182797906968
0.26203343684406377
-0.4017243539696693
2.6374988299120687
1.0724697039270907
0.13420006533416995
0.8344375401191257
2.527267384019659
5.8124922141069035
-0.4719357382361764
-0.34541902261101853
0.8699454398156092
0.06706076249653137
-1.051754233489099
0.11399735801662558
-0.5403916969585438
1.836720985159758
2.280407306088115
2.7811825940006045
1.5482040078818144
0.3591198160496276
-0.4799039078853369
0.8270166127285847
2.3757174858924444
-1.1312331318555948
-0.02564863560773034
-0.18995168689900765
2.312076429477443
1.9359833996816107
0.18246229284372362
2.396336773095179
0.15789143396574445
3.9227523365186556
0.42188213778595696
0.5300497147428587
2.4943979862714087
0.3012541499973338
3.197114617847511
0.3973410288698176
0.2638096362452984
1.6724179338684948
0.7343072146243017
1.9153641124788763
0.9809699890614993
2.0439814903009648
0.7918770664458066
2.1954140932547332
4.754701919959054
0.39556482946855454
4.1458958878328644
1.2184236165501545
4.6857090484720985
1.4785503860774654
1.959640341867221
0.3547428349483255
2.1105082692927297
-0.9290359626459761
1.030288089890803
3.1144229020023744
0.5269949447479405
0.06574410661178831
4.515810011676699
-0.40425952263393583
-0.1504099256887912
-1.3104999186546067
-0.22193796584002712
0.600822688937626
1.9440996649738267
0.37404546626629553
0.798845735761887
0.10218473590214217
0.4399006432886168
-0.34450244674761876
4.564012113494577
-0.8567815591415879
-0.877400846344301
-1.1918003071348195
-0.8658140973931765
-1.3547037780716593
2.3861844016311764
-1.2651663773530757
-0.3084364195461333
-0.5026244724332329
0.20191498137562292
-0.5834882241419024
0.734307214624323
0.14433332565735668
-1.1712384664692905
-0.22247487860456516
-1.234888667819611
3.1764953306447623
-0.6615565975117264
0.3385005288468861
-0.4530176483572248
3.45274870727291
0.24368429817585024
-0.012745230771820104
-0.055420793941415525
0.12458460663472692
2.5970825972151914
3.461047510087603
-0.02126727037785514
0.7439656369550463
-0.273988369997312
3.630750602922369
-0.2387418510684327
6.035635765421112
1.1111074966325134
0.08768004969925869
0.8270166127285989
0.31032965188020256
3.606899387100178
0.19304056535709435
0.09261528488598003
0.6754667146013844
0.32048202334421916
2.456993804044515
3.2252854948141803
-0.8976035536618525
1.16777988373142
5.524810141655131
0.31820370831109557
1.3295148069169898
-0.61778761524873
0.039889385862913684
3.33064601047203
-0.05712199126521966
0.7474261631295036
0.6196760992664778
3.675892258587119
0.007380107297628058
0.7707768944057136
-1.168979506683364
1.623131614888571
0.9877284754719966
1.0192760879222433
0.16476271574432388
1.9519032391160849
2.4551772731181245
0.6104342443305413
0.5514917086970783
1.14273889977364
3.7260820031109674
0.16672325703972035
0.41672102943587674
0.30726883504033253
4.40826015230035
0.9811672925558383
-1.8437983982726536
0.42415228632049207
1.7879308209903186
2.013092536460782
0.570106198943563
-1.2603930986004244
2.982745078027179
-0.017116656651523954
0.3012541499973196
3.319217314648391
-0.3991923330442333
0.531366370627623
0.6938158532695837
1.254791260721042
3.3794361746414623
0.6850231013216117
0.851596301147417
0.8699454398156163
0.8453657513967912
1.527584720679073
1.0158993524387014
-1.2704434344539308
1.0079311827895125
4.263678923489252
-0.06778728601273087
-0.1624825069230269
-1.1005443976585099
1.2266203837543443
1.7902009695248822
3.089483953655126
-0.019950614493097873
3.6560896312909463
-1.599762422775811
-1.2116029344309993
0.19052270812670713
4.117725010866167
-0.6375554454121755
0.4381630233900822
-0.06832419877730445
-1.4264476829305082
0.7698990189815618
-0.7815217153292622
-0.46224466231106476
1.6845884694887374
-0.27069609156328056
0.9502832164352881
3.3895885461054647
0.31466805347877624
-0.40172435396967643
0.6002818728665105
0.8579098963042568
2.3090159833243327
0.6951754727856141
3.6460392954374257
0.007758966934659384
1.511836363710934
3.08948395365514
0.2581159992592461
3.2014342789920036
-0.32835400975812234
0.9671091882692551
0.33169517549856664
0.5199433509621656
2.7222400583671558
1.6936201415190908
2.503550857402324
3.9535239951854066
-0.23742130267841333
-0.9080895805413931
0.09702868856203395
1.4286550953515516
-0.7424121827218073
2.0880354134406716
4.754701919959054
0.8861877459170273
-0.2549841571698792
2.994173773850811
0.8107210135018263
2.090053577596912
-2.7990619401463235
0.44043755605319745
-0.10194080957629126
2.5474270067693325
2.483348150084801
0.2739620077093079
0.25907339521556594
3.2014342789920036
0.42415228632047075
-0.10079705476786671
0.18434984901963247
-3.1799030148686853
-0.4530176483572319
0.4768052002240779
0.2902043138107473
0.6064738431144292
1.6609892380448699
2.1954140932547475
-0.7658097809358679
-1.5366982399637763
0.7988457357619012
0.837038321819179
2.7577479580636393
5.443394750169624
3.675892258587119
1.3323678758993864
0.32372700584940617
4.454197247487372
1.3508343097410176
0.4706723019553678
3.383755835785962
4.225938595506399
0.3591198160496347
1.282962137687747
5.314317707894482
0.6692747443534657
-0.5197724097557881
1.7695816823221335
2.968855965866524
0.3165216221281071
-1.1075590746579067
1.810366639119465
0.06933091103105227
4.968692600142326
-0.7657733583611446
-0.34987337296040977
1.6453677563354532
-0.0018491845207222468
-0.15967397736555
0.19930753768244358
-0.02387243620647439
-0.642328724164841
1.6724179338684948
0.2059439701930046
1.480046041221044
1.5330385713615513
4.081357366695293
-0.32030291563925317
3.943371623721383
-2.0988232049622084
5.715328465653265
-0.5403916969585225
1.1059923959657212
-0.7740065481400364
0.8879639453182833
1.700092656024701
4.706911256122702
0.19304056535708725
-1.252424928951264
0.15051737351303984
-1.6096050107718511
5.0423839924108265
0.07579444246526634
0.5578053038539323
0.2368372537686838
2.580511898538468
2.349816757460296
6.053984904089312
1.6647163953367325
-0.46438853260077195
0.6064738431144292
1.5872601255281893
0.20191498137563002
1.7713475591960233
0.8370383218191932
-0.10194080957629836
0.06350599652338929
3.0742164815243527
1.071483996602332
1.1721321984702726
0.2155134212091525
0.41322407504283376
2.6814180638469054
-0.6054671308606814
4.300046567660125
1.8023715051451248
1.1006405808937885
-1.1043366720707368
0.3680628196694258
0.8941129449682208
-0.15204762963048069
3.600309577421122
0.27000160649322424
1.9355668197963922
0.8014465174619545
2.962942450730999
4.888649892468784
3.1227911516729066
0.8183103235139342
-0.6744600023476366
4.043617038712441
4.793922633112338
1.5301855023791333
1.2013025757700575
0.26203343684403535
0.19489413400641808
5.112376364230862
4.369039439147073
0.6065954680233716
0.7544325526937641
-0.8286106821748902
1.656417592522054
0.5352108230929531
-0.9290359626459761
5.725480837117267
0.9586514661058061
1.3035814248904884
4.076903016345902
-0.008331827095787503
2.414103294219558
0.5357433517289465
-0.6581747326149028
-1.4258838736234978
0.04066608493108248
-0.6067837867454244
0.31466805347879756
0.5497155092958224
-0.5409286097230961
3.7122599027579923
0.851926934312921
-0.44339943097123324
-0.24494773445663043
-1.6372707498566754
1.4694770898717948
4.004396325559149
2.3983549372514403
4.482368124454069
0.2155134212091525
-0.6116226785338696
-0.3287132696865527
5.54315928032333
0.3540047153828638
1.8955614851826965
-0.1842536657843823
-0.6818912592322235
1.725410464009002
0.9099042725343338
-0.04015332181062092
3.1511775226604684
5.966642893934157
0.31466805347879045
1.5767055180140304
5.155712677717837
1.8341202034597117
2.058086096482505
0.8028061369780062
1.2570614092555843
0.5185845907006623
0.5334732031943972
0.0613627413818989
-0.5083033824070426
0.3086393991986327
2.6418184910565827
0.8071445385765941
1.0745809331128555
-0.7102638372114782
0.6363676263570284
0.3394753628175309
0.1198113278820685
4.081357366695286
0.41322407504281955
1.8283527354892541
-0.46224466231106476
-2.127893666305148
-1.4671537286999765
2.9045616151611213
-0.23069075694959906
0.9632704119620925
1.958123466339373
2.706491701399031
0.7118343587722649
0.7746352600112871
-0.7776363161906232
3.963574331038913
0.5111636633101284
4.012364495208331
2.4202900141176755
0.3322448211105211
0.36531178629753924
4.452094197290599
-0.7719574062168135
4.251256403490679
-0.360308250252956
0.7847876314753037
0.3063692506640976
-0.03002006148741998
1.26525817645976
2.881844588876902
-0.8386801291692052
-0.587448625357986
0.6698576648013344
0.24368429817585024
0.7400052357389555
0.776372879909843
4.831662961095184
0.5801565347970552
2.9841234379973116
-0.23518152987369234
1.350101440525357
-0.4332979455307324
5.042383992410841
2.142421563114219
0.8183103235139413
3.4935707017931747
0.34868555390524847
1.7364603001955672
1.0316477094068333
-0.2372054379707862
0.09261528488599424
-1.075964709239699
-0.04836920015563351
-0.6761611996714549
0.6912150715695304
1.5182672540412199
-0.3862410171312831
1.750728271993296
-1.0639267306802083
2.2160333804574677
-0.9920141490899255
-1.1426100629440512
4.012364495208331
0.798845735761887
3.142593778969079
0.48125955057345493
0.5985056734652545
0.42188213778595696
1.9179973033118216
-0.08173810225878242
-0.7231672420473814
-0.8712644098119497
0.9846743206252526
3.377166026106913
-0.8592994163719467
-0.009483698754372938
0.034482037075420635
0.6204845801840335
1.2633750044124312
0.05427898256955643
-0.782090666539986
0.3540047153828496
1.0522669966095748
-0.8926683184751099
2.6168795427093343
-0.748031061736782
-1.5665876256881717
-0.04654637792288696
5.0041627795906365
-0.27777972379519156
0.2902043138107473
0.9898209642036946
0.3012541499973054
0.6865165507879638
-1.4180985444008272
1.6602563688292094
1.2512044687921815
-1.1800085690127844
-1.3120803503240452
4.62686854844916
-0.0037856776397475755
-1.4724038892583664
-0.9863161279752788
-0.2622235284177066
-0.5808510198671257
0.4926512086741539
-2.5293983731972247
0.4290875215071921
0.25165246782503203
0.4579656506862406
-0.13492658885036235
0.87365825327241
-0.905571723311013
-0.13546350161495013
1.030288089890803
-0.09715936432506567
-0.03847123562764665
0.7904856525899433
0.022647579428401343
-0.03262084318748748
-0.6260864180634229
3.319217314648384
0.0665668133632451
-0.10079705476786671
2.9453836096813646
-1.3451343270555256
0.33911610288910765
0.3591198160496347
0.7403788450261928
-0.811962740830495
0.5531863579976388
0.46237349914068204
