0.21631758624346276
-0.003693448335411631
-0.9867323728823862
2.049899862579565
0.293989767702584
0.7403889573232618
0.4067765837061188
-1.722662025560311
-0.14009518215107164
0.5769193551704461
-0.16894981982807167
-0.048107435383769825
0.2537805207759902
0.8166289924897114
-0.05496012761699376
-0.014379188132352283
0.2488555468296454
1.5140139605152
0.12605839816177422
1.5979905265934917
1.6402593830609078
0.07346176857691944
0.6260243957033822
-0.08086949564977886
1.389521905610792
1.1677840227272895
-0.10759601475797353
0.21668920029793526
1.2372736278698255
0.9796163965867777
-0.17474701045244956
0.5082034530143744
0.30346468779009683
-0.03701384774763028
0.0
-1.6006582247820234
0.22644869673592893
-1.1558866176584672
-0.01940481049285836
-0.2534489008095875
-0.07924937165427082
-0.008667194787847166
0.5319714346089199
0.29172674516019015
-0.1426430729757726
-0.06940718606125529
-0.07295327270310281
-0.15762005242970645
-0.6357089661128157
0.22062734897554037
0.9844989819006287
2.6582227097973714
0.5377845262781875
-0.7496276403678621
-0.34514809012716796
0.0689928714870689
-0.3391282806795175
-0.5777071399143665
0.20602073668072762
-0.724092920563919
0.3408010298103932
2.005625886464685
0.019882984080425103
0.6967084848582203
3.8096112571115555
-0.27767484097569195
0.30998343147496144
-0.10023872600538652
-0.013813921364089765
0.7811452013962707
-1.2468083546968955
0.31305965151284454
0.13872620950155579
-1.3072964036720123
-0.29725152346807704
0.5115975265448469
0.14548159940892447
0.7262993878770203
0.21167452396551312
0.5645252074979226
-0.6772409731033804
-0.0653161729611611
0.9183718980778508
0.6500151363003965
0.3366588211912358
-1.0148043313960784
1.197955754914176
-0.04073883097919406
-0.24961903369558058
-0.016719905211118657
0.6671716941565364
0.2119672049118435
0.8456840409641018
2.9297161512341177
0.054495946922031635
-0.925697603994081
-0.7711558907284939
1.0919455973098025
0.5792536830377912
-0.014232504935762336
-0.004700786092428189
-0.7101959565443394
-0.18565040190634363
0.5793221889073266
-0.6563454143940248
0.7630238852697175
-0.04958077502578817
-0.3674020693517832
0.09420108865407428
0.016126103235990286
1.146748596880684
0.1797011314022825
-0.5299955398737097
-0.02035421099191126
0.9856977539892569
4.2924598964642655
0.8344728449113745
0.6360098937411749
0.14907595791314066
0.5381948974832653
0.12002474556845755
2.225588336934237
0.02507251287914869
0.4394704050872633
-0.3942918075100579
-0.3698521457915831
2.17136762349989
1.455958148432046
-0.38109651709100945
0.2745472659019015
0.9085788946016464
-0.07403130294306948
0.4053306904722831
0.012830718971997612
-0.030268767029383525
0.47895911247582035
2.7452536163204115
1.3238887949324294
-0.2064919177217348
-0.014795763806660034
0.0
-0.005277057100784077
2.7302925777209452
0.6113171623120479
-0.07593701354119275
1.5741279098211862
0.34585591467219956
0.37696961356067504
0.4317676527547576
-0.03846628082789039
0.2918803080603425
0.45615931153326983
0.34624995614211684
-0.42358694821879794
-0.5581180682734725
0.018065007397808586
0.27556233822355125
-0.2562877955478484
1.2845200346955892
-0.9560899813467358
-0.055406037574272204
0.7292759046484605
0.08034615620385921
-0.524122651909579
0.043378204458747405
0.7081539304887485
-0.16466187292462564
-0.0134554699442333
-0.4597196128324583
0.1614580991588923
0.42457704548093034
0.24802305016544324
-0.071263020021604
-0.01649178764870385
-0.1790346959649014
-1.1940647261013169
-0.07618913835750618
-1.0683912325016252
-0.14356857049659766
0.3137808254190304
1.389231220792965
1.0745147370889185
2.145871404502003
0.4450821074984219
-0.07275604427104554
1.1863454267864881
0.5169606123336052
1.4779396765941897
1.1916224838870448
0.3038214668470687
0.27322531010281637
-0.07491945358282237
0.021455674770606947
2.13946369335045
0.717173393925151
-0.08124147976189988
0.035621683122542436
-0.15107375432302206
-0.37539407302483596
0.3380550846384267
0.06346461690480965
-0.07843885809148787
0.47988550703939836
1.1867606754449298
-0.609699054986379
0.25981722357551007
0.9013263812179844
-0.11072524163415665
0.5092048778681146
-0.06455721115452207
1.5172478599659485
-0.07491945358282237
0.2728669866664859
0.3118329374604514
0.6022371631546548
-0.40233809369573237
-0.016101468918861883
1.2202103654576604
0.19740014814601636
-0.1139829077026775
0.8263360487764402
-0.7283964241994454
3.9780346934139175
-0.3058270881701901
0.4425051116130021
-0.2541472913652001
0.818649401116744
-1.0312528911892116
1.151719427149601
-0.07128027047195928
-0.027644644254451123
1.5293264029440934
0.02993675384055905
-1.002267851105728
1.437587655507457
-0.7520938884316593
0.790061209946316
-0.13679485730079932
2.5513437054057135
-0.28839305719554886
-0.02524921476268105
0.22647188972484855
-0.011936754204612043
0.6054936821175829
-0.07627998138082148
0.26632894798132156
-1.5478126004849457
0.6967378486905318
-0.03206878501777055
1.7945503541548646
-0.13025270116293086
0.37997608190585197
0.17918774037758567
0.1497111608817363
-0.09162521790119627
-0.35591245819853157
-0.023128328442339807
-0.9760746642758704
1.301288056453643
-0.3603815936684782
-0.25185930051526384
-0.23814522166952656
-0.32803597713950694
0.32310771463676247
-0.01019403810272479
1.1556674724390064
0.4713818892296331
-0.023530497410206408
0.8647734482370595
0.5317588334323773
-0.14083547978367505
0.42172562897980015
0.22806852526082366
-0.4839146555579532
0.37539407302494965
0.893766221795488
0.44969725939017735
0.49445601095393954
0.5614602397341173
0.060403456273149914
0.1479201300765567
-0.38372433457470834
-0.2531951303173514
0.15333201420634168
-0.007053148040313317
-0.00863327390129598
-0.09648268869847243
0.2172655035299158
-0.12753372232322135
0.2897599375990012
0.4644594424520392
-0.08305175018011823
0.41140259451185557
0.047842246883192274
0.08699511431495921
0.36081418906064755
-0.3103782289272772
0.16046493470150835
-0.28205689781304955
-0.06575137756283311
1.908118324849795
0.8720960528753494
0.2774077975089426
-0.017950620499902925
-0.00987314085006119
-0.06432779518593179
1.2959717228263798
-0.2851595591612863
0.451233526563783
0.16894981982807167
0.03163882286617081
-0.003827891538719541
0.8456840409640449
-0.11488027599847328
0.02717364194467109
0.0007022472198059404
-0.10777678398159196
-0.1283500338823842
-0.2179125018966488
2.684967030919495
0.8229262235659007
0.05844421378600373
-0.0142679717977785
0.09366447589462723
0.08187927811792406
2.1508269475839086
1.214843850584657
0.9489461370612844
-0.03717442114063374
-0.1360280177323716
0.07691047351471525
0.41801075870648674
0.3822406550766573
1.216128835315601
1.753756570678064
0.8916255552551888
-0.06729939098039495
-0.021730144310254218
0.15437248308853668
0.0953101798041871
1.9706027616457078
-0.0834597308875118
-1.2453580204887373
0.4332401621658164
-0.2543812489079187
1.7058851020254053
0.7468725799158449
0.09266013823406638
0.5268655247697893
1.5542514968668968
-0.06666693627227005
-0.5841568968515958
-0.14818560035888595
-1.3841644348621571
0.7398123415995315
0.0
0.759764970999754
-0.08515780834045472
-0.1171854855940353
1.5375660665302462
-0.43696555476606136
-0.1599811498453505
0.5928905768205937
0.2287038218946691
0.2755623382233807
-0.003192895056429279
-0.33188749926569017
2.270836394679293
0.12791340032021026
0.007395701961172563
0.05693880255091699
0.041896685650215204
0.01330337565877926
0.032916815013152245
0.025317807984208685
0.14420789109271936
-0.3356215347407385
1.3321518202120615
-0.20322824161326025
-0.06870043107002743
3.198741142447659
0.535387898314923
1.3958232844657914
0.2516045100101678
0.020265697459592502
-0.5989768618159417
-0.39853594652566926
-0.025700785486549194
-0.011757816986460057
0.7604907526251736
-0.09525809782746819
-0.10023872600550021
-0.5777236869034255
0.24404769564114304
0.9399347198529995
1.4809018470876367
-0.6065390456418527
0.22449599498975203
0.09908598936607405
1.0881300123945152
0.03846628082783354
0.19888657366868756
0.557481315406676
3.750168307107174
-0.1314631395604806
0.23572411161342188
0.05650482514806754
-2.646819334950578
-0.2878680670583691
-1.1307155340525128
-0.05790866259911809
0.16001579927933562
1.2093472532003489
0.2445576458177925
-0.01597523633347464
-0.026537402958922485
0.3199072197465398
0.21417488133135976
0.7602421581386949
0.025411166955962017
-1.4492636498957836
2.0522594527677427
-0.02195557323346975
0.0937392867208473
0.03666714942448834
-0.9002794887903178
0.22973085661365644
0.18094882626326125
1.1310149598913313
1.2636213401694931
-0.36985214579163994
0.004122620374516828
0.06547792937954
2.7292382813658946
0.04166355701130442
0.01649178764870385
0.07597538632865053
-0.43938076903162937
0.2834891941916453
-0.13260122443455202
-0.5314449109689576
0.12294338621563838
-0.620703479915278
0.19463284827344296
0.10987519601229678
1.1718889011139595
-0.9118828834197075
0.04313918652741222
0.1324956141003213
1.1091958156833925
0.056035725843059936
0.03647690393603398
0.012160489457983203
-0.49721997170988885
0.13789163186027054
0.007765558224775759
-0.04148111791005249
1.4146920750768572
-0.20785485879912358
-1.0062864241067189
0.23419338750093743
-0.36030484726376244
0.15021108182304488
1.9676501356917129
-0.9072951689655611
0.6357598551933847
1.473090938409399
-0.02960046977639763
3.2673484783189224
-0.01058911284280839
-0.13559727193154458
-0.85762742685489
-0.4475765934583933
0.045928986103604075
-0.011391498286116075
0.07340465481127012
0.0686419327220733
-0.027944862726883457
-0.07403130294306948
2.7312141761012185
0.20212418409028032
1.3302268918021696
-0.005940742240397867
-1.4221105014781017
-0.14483094787834716
2.731627364608755
0.004509590506188488
-0.44430016757371504
0.24906029884124337
0.16058157015748975
0.07282245970003487
-0.33717571888735165
0.40416724939268533
0.3193185117131634
0.12989207525407664
0.22736000169319937
0.03319413340125266
0.02710192977775705
-0.08084969347294191
0.016118668065132624
0.7134059558317745
1.6424442089024467
-0.6247051491181423
-0.17741844720706013
0.06953180979166973
-0.027618325348441886
-0.8894183968625953
0.6474947660624935
1.6717114269408455
0.05908930016539671
-0.6842860064875822
-0.2470448159342027
-0.6735001831762588
-0.012091185712336028
-0.02515274309035931
-0.022472855852186058
0.5955087109961141
-0.60133963130707
0.33069378601294375
0.3892045872362928
0.8323256530680396
0.14529681645291248
0.8979802129368295
0.18592592834187371
0.46419254351445716
0.3272362953633774
0.08577721914565473
0.9714311317029569
-0.9501096763220289
0.20453917223983353
0.03254037368850504
0.21199002202581596
0.01953535602115153
3.4102372403781374
-0.10041349156324486
1.3758956538989935
0.4631975747768706
-0.03706325364140639
1.097412528476184
2.854430684993332
0.09827022143292652
0.24617151493538358
-0.4942606068912596
0.1606493414972192
-0.46413850979379845
0.5463705611853982
0.27100238325317605
0.029145699522928226
0.7403250669103159
-0.3597385864964622
0.08861050202000342
-0.33193708145574874
0.527014278031686
-0.03494415638596138
0.30820093532025794
1.3557317107097049
0.2640993161509755
-0.14933139339126456
-0.021730144310254218
1.9664894977634333
0.01864483362089686
0.44508210749847876
0.8157034949690001
3.2227479172954077
-0.059201134031582114
0.14230755257460714
2.150826947584079
1.8143472610033768
0.04530580927303163
0.0007022472199196272
0.19663110200679057
-0.5208557981260356
0.3428389961430298
-1.393214803964355
0.5744702606240253
0.011515401921030843
-0.2520347337215867
-0.13868111051147025
0.031240497629084985
0.3272129112086759
-0.10544425923507106
0.2990033511207457
-0.035003317648943266
-0.0077322819796563635
0.12572588916998484
2.8892525635993707
-0.0296948004998967
0.08299016158139239
0.03226086221843616
-0.07282245970009171
2.6548056865833587
-0.23767165187717865
-0.8118685314462937
-0.22784384594882567
-0.4549371554071513
-0.09750632552669458
-0.22974790637033493
-0.4688869345458784
0.4177708687444692
-0.15049473653084533
-0.42550258079219816
0.1493313933912077
0.08830197180071764
0.4028007829584226
0.9574534625613182
2.5047422863762563
0.09909090264432052
0.2944189149339991
-0.03955745906853281
0.34981385355888506
0.0384662808277767
1.3043321988350272
0.26632894798135
-0.17601238760067872
0.1423353133724845
2.538128919592623
0.4426441113498072
-0.3559124581984747
0.03752401488424084
2.0148581261561844
0.2751605656537208
1.2535048082917797
0.074419450119251
-0.10251556352557145
-0.31189134131199125
1.6163319024016687
2.2520076182503885
0.6142128571338503
0.7687024418535771
-0.6090133471580543
0.05679156595664381
1.6635051337041773
2.1382820417028654
0.03955031291991418
1.555757762970586
0.3227546272364066
0.9650808960435029
0.34437741612836703
-1.253426952690205
0.8930438821753057
0.2677843319366957
0.7142737078798405
0.03763106821753581
0.3880865067778245
0.02448956857574558
-0.19415277828403532
-0.06382804153389543
-0.1722680132472192
0.38036994755412934
1.7024456601246811
0.8153296953757376
0.029701406301740008
-0.027429037170008996
-0.046678934983560794
1.5994892594319197
0.008519753344785386
1.7775970148081797
0.2122738790772587
0.08124147976204199
0.07392148423878098
0.23755239917238669
-0.08241894641548697
-1.1895150015477043
-1.3479810375825423
-0.14215986708057926
0.10285738543930734
-0.1327279157179646
0.49426060689103224
-0.2237145511768972
1.4039939382192301
0.21631758624376118
-0.03917505209551564
0.08610451195954738
-0.07465328790510739
1.1849092655386357
0.41711357114857606
0.955206148124006
0.0014074597679609724
1.7685026070637377
0.029920757462150505
1.4941166329006137
-0.0827293943945051
0.024337484398813558
-0.40270394666674747
0.4015358299682532
-0.22985662643145588
0.006481932874294216
0.2106145380961948
0.13249561410049182
0.12452811637467676
0.25378052077604707
-0.451799672400341
0.013303375658892946
-0.05318964332892051
-0.5268259651126641
0.4915623246904488
-0.11656468474086523
0.4769484377902131
1.0160103676415702
0.008895823506748002
-0.07138605908659201
-0.6083256017773806
-0.005899116853470332
-0.22477240565933698
0.877395891544495
-0.03418149290962447
0.2744541740715647
0.24241609643536322
-0.5410776669363031
0.3901020747941857
-1.1721355962137636
-0.30205015997796636
0.15732854959213682
0.7954377975093507
-0.5829631519324039
-0.12237737551612327
0.995065667939059
-0.008819954865316504
0.019694550430017443
-0.3719001515357263
0.011834457647012186
0.12875206702682362
1.5389401497675408
0.0449216873917635
-0.24029345020781534
0.0985146167903963
0.07520068670771707
0.10374430345791552
0.5792536830377344
0.8195356856720935
-0.07981963256384006
-0.7472633420303509
0.365113812584525
3.8885605329148802
-0.011357513548716724
-0.5193909866251261
-0.07169192845606176
0.3741159465209307
0.2196410639686519
-0.6957023927552086
0.0
0.05511291570348931
-0.03182974003431127
0.8033256168309322
0.5953159928034779
-0.09300017646694414
0.017290718490414747
3.2319450107762577
0.05137777882123373
0.7875704423464072
0.20189780530068901
0.1198983047610227
-0.05488826530540791
0.0019786749339800735
-2.7092240085651156
-0.5765791318417541
-0.14123826870036282
-0.5490991429105634
2.6938078443865265
0.0
-0.030747891301643904
0.4945772013024907
-0.037783111477040165
0.26087685470383803
-0.3400823488453284
0.3553571313164525
0.069675750226736
4.061244613795736
1.4010451708780636
0.7147179047841519
-0.020258775271940976
0.10547343982926805
-0.21820526967377418
0.11551288712183805
-0.04860192887457515
0.5943770747402368
-0.18675325426471545
-0.10635041438388271
-0.5215829404189094
-0.13518310750214368
0.021060877318177518
0.3380550846384267
0.14120695972593467
0.16548811957142107
-0.2640534540583417
-0.06052257184327914
-0.08779538330185233
0.03143500860838344
-0.2665710156433079
-0.01240051319837221
0.645829801497797
-0.20945325970700424
0.09999071998691988
0.4162670411412819
-0.9108766288103993
1.6851426719977383
0.059065927725271195
0.24073080546241954
0.5169146823077426
-0.01818272724773351
0.1593280261707264
0.08109327842083758
-0.06127082539319417
0.5555194974937194
0.14806752487373842
0.6510073734175421
0.043378204458747405
0.0754868911376434
-0.1102142740693921
-0.498555531174361
-0.2735568048996697
-0.3033809819949056
1.1900788189776108
0.0
0.01988298408036826
0.13151780020012893
3.465787984776739
2.0056258864645997
0.5345069882075677
4.254693364609977
0.2093295678113236
0.6490389327979074
0.35877799413555067
0.8779158927036974
-0.1514011886194453
0.09357069987129307
0.884821804149567
-0.08381638496041433
-0.03672570407849207
-0.11017244912551405
0.015784373268786567
-1.0096369175940367
-0.14095602069875213
-0.12897679667310058
2.0802915204813246
-0.056796730277710594
0.5675516051668978
0.33019300019395814
1.1389802794350032
-0.14907595791316908
-0.3369871321721689
0.27917138278382936
-0.5618111784989992
0.04758105540389579
0.6592903526035343
3.2348018416390687
0.3382128810990821
0.00224407724027742
0.27695579437857987
0.16145809915877862
-0.247512971673018
2.2104273241046997
3.2054976989218744
-0.10899028370840824
2.9384159317290255
-0.6267911852103225
2.271362918319568
-0.06057583299883618
0.6827097465927068
0.05218338871935657
-0.00864052898339196
-1.2193950632382098
1.4522523289117828
0.1660610359220982
0.3967163615288314
-0.11347795017786666
0.4595169354080326
0.3774494985902379
0.011484872321318562
-0.040228238080089795
-0.053642682949373466
0.11176418436309632
2.382143421873849
0.6147908049843522
-0.31941944823836366
0.3341333540532787
-0.027793771640460818
-1.4435767521481466
1.2157216968147395
0.3836660671557297
0.054214986324268466
0.7909052380892376
0.3075673877775671
-0.06780198581373043
0.0915117350223511
0.20272749549110358
-0.06346383000789046
-0.032605021418078195
-0.06490103700161853
0.009627299254418631
-0.1905448741979967
0.4250163211981999
0.2749686191788214
-0.03021235219233631
0.07450161545443734
-0.0019401214252638965
0.22669670275450926
0.3680843460005008
1.4529857356185971
0.04787146865248815
-0.8447668307185836
-0.032540373688561886
-0.550142606473969
-1.499917857749665
0.20436603943318232
1.2054106190956304
0.1421598670806361
0.3487391267073008
-0.04044096955846044
-0.2029503317075978
0.6837111553318209
0.020866824627660208
0.6957023927551518
0.278122679318642
-0.8957564937323923
-0.03217867126704732
0.04893929155531396
2.2135514706235995
-0.11173883046240007
-0.5743603743750327
0.3514098370888519
-0.21487880593178943
-0.05144556705732839
-0.3346960372200556
0.03846628082783354
0.1770666839556725
1.4492505298074434
0.2608838792970687
0.41102509066024595
1.4521524338015297
-0.21065561158280843
-0.12605839816177422
0.4656573550155372
-0.44187764666526164
0.5082034530144881
-0.3231265463741124
0.07103248667823436
0.8722198038113902
-0.8073926662978579
0.21631758624354092
0.10206321660501771
2.037325484598199
0.01353383764615046
0.1255179730828786
2.2945007003750106
1.1430640512388663
0.08305175018023192
-0.007765658510322737
0.04293982448933775
0.6047362232158093
0.00628351725504217
0.7899958536253848
0.09764212613185919
0.12875206702688047
-0.15213658045581724
1.2671122791304583
-0.2846286349650313
-0.17776893117553527
-0.1286613599655766
-0.11838345596868294
0.18421729195898706
-0.3761529486059203
-0.5446065839315679
-0.11072524163415665
-0.3326997620881684
-0.12897679667315742
-1.3334043030226326
0.5129137431300137
-0.016502688865557502
-0.152311287276234
-0.06117481085948384
0.3487391267073292
-1.002569239647869
0.2163612041919123
0.33717571888723796
-0.07403130294318316
-0.24850600115911448
3.63653297374168
0.7357067949785687
4.322128493092805
0.0735425211915981
-0.02026569745953566
-0.1212322539258821
0.019849798219809145
0.2706658678417284
-0.10997606093900458
3.7343418281907077
-0.08862723250780391
0.010566686038316675
-0.8410673106367312
0.9696998419000238
-0.03418149290962447
0.0035588007949627354
0.1682832328422137
0.1630717720439634
0.5291160696868928
0.334369186424226
0.20679441331287762
-0.5194985350275942
0.040738830979250906
