0.9399449227720424
0.3604050028328629
-0.1601996397066614
0.34886579362451187
0.7889513094975342
0.2896832738400832
-0.2921364228011214
0.5860823611235446
-0.09744010606218012
0.2271839608511499
-0.43318965612303373
2.4159137783010607
-0.20551145287474526
1.4759065198095414
0.12883287184297387
-0.29114828042828833
-0.08459196358433019
-0.6730389510165793
0.09383186481392158
0.5566557463069302
-0.02148566775545646
0.08961215868967543
-0.03882079313200393
0.20763936477823108
-0.15154989812720032
0.2083630410852777
1.2014696741078623
0.7119507614081755
-0.3245866293871771
0.5628729590527399
0.22718396085119252
-1.1488344077002495
-0.38441169891028437
0.7333196135114122
1.089042837651931
2.8898215515549097
0.8328571762323662
0.18637835748961606
0.7490004918196718
-0.2975038107502854
-1.3499267169489784
0.3865700736039628
1.8447519993685688
0.5485813303310607
-0.07680702912291792
0.5860823611235588
0.14903557916055377
1.3745064053678107
0.09425253824616675
0.6757554378480819
1.0946218603881306
1.055127176728405
0.023374652063480994
0.7457180675692996
0.05597315827867533
0.7282385003712193
0.12450641475021484
0.09286932980698737
0.32340015505386077
-0.32106908848452065
1.1334426535201203
-0.21868920096480338
-0.7797151968683949
-0.11778303565634474
-0.011164060546221322
0.14310084364068132
3.1449201640390925
-0.16351797594573725
0.055415839141574
-0.3495846497137123
-0.49681488669642704
0.3587091970524767
-0.047296714703080056
-1.2572173188447238
-0.42199441005936933
-0.004279329619350847
-0.28195139774281586
-0.01313299960219183
1.3506137661000395
-0.8004073600305617
0.1397619423751877
0.3656684715670906
-0.1962378160893934
0.36189385981454336
-1.016044159302794
0.3001045924502961
-0.14367937995998403
-1.359853588390969
-0.06868790468440977
0.0
0.044430291594224514
0.8371134504770907
0.10322604312926842
0.747257121355176
-0.23003702983361052
-1.316226798503152
-0.12957099140844264
-0.041593897298838556
0.02954715634666627
-0.047296714703065845
0.10228540974551947
0.2947995402206516
0.213444154225499
-0.29447568417177195
1.2889201970947113
-0.016382921214670887
-0.01313299960217762
0.14903557916051113
0.14483094787846085
0.5890778206657217
0.0
0.015254163728585013
0.16034265007519366
0.4813530575016358
0.010471299867262474
-0.14723023698272186
0.02329556260355048
0.0365200715775984
0.16544513013633377
-0.3333874945633539
-0.422025595576784
1.108913489109753
-0.35095155788600607
1.350613766100068
0.0874149864165048
0.5198754592858847
0.09246522767213605
0.07796154146973322
1.8827312474337532
0.6334555164735178
2.1559816188021586
0.18687737332982124
-0.5227087617696213
0.4094255093242367
1.2017096069277926
1.3576937462866425
1.07687230203166
0.15984870094187897
-0.20242978633730502
-0.32257744830236845
-0.01774955835645642
0.039436952747564646
-0.1325432502516719
-0.6539264674066914
-0.4968148866964128
0.6363307055163006
0.0701456093667332
0.6227777391115978
0.46116634391458433
0.10014437659179976
0.08893853118030393
-0.03009803115733689
0.3785632668447789
-0.02954715634666627
-0.837113450477105
1.1276567164530036
-0.27328233335489927
2.5513963910568833
0.33647223662120496
0.5537986865377889
0.3865700736039628
0.6770283388700165
0.0019271541906249468
-0.10812485743196021
0.09434446268431884
-0.041593897298824345
0.07654007712235966
-0.03642856220574231
0.6770283388700449
0.021391189981343928
1.0551271767283765
0.3608043372807259
0.4183685129440704
-0.14903557916055377
0.07061756721392953
0.2239154540927757
0.09579106464168774
-0.00038454143904687044
0.11739849421729787
3.062742983836941
0.5234440877251814
0.3117796240308479
0.733319613511398
2.0794415416797847
0.7611519096739983
0.7410866428490408
0.0
-0.30689663739644857
-1.1488344077002495
-0.5308317719746611
0.012618463959242376
3.115493549222478
0.7889513094975769
0.6893084042527988
-0.6041695439411541
-1.6011562916023792
0.34341670897404697
0.289683273840069
0.49883262469973033
1.8140433427493576
0.0011545123468579277
-0.13265265794588288
-0.41074216520905793
0.6486954179891313
-2.555675720676234
0.18098228846443476
-0.09980216155966559
0.28036311414369663
0.13040149961560132
0.06868790468439556
0.33098374863935476
0.49883262469974454
-0.17185025692663203
-0.15304667607847477
-0.04743972507152705
0.08438110927218645
-0.20763936477821687
-1.1786549963416206
-0.04816340137860209
-0.5643143087170301
0.26933293378355927
-0.014172451088029447
0.2499417444689982
0.0042793296193792685
-1.2183026298807533
-0.10090616530845864
0.13398583480454818
-0.18098228846443476
0.0
0.07217560440264492
0.584320456925596
0.056570351488460346
3.248146207168304
0.35832465561344407
0.12377107750096172
-0.8692767671059869
-0.832857176232352
1.4936060969089766
-0.08863810101341585
-0.07217560440264492
-0.27800604990281386
0.21772348384486406
1.504077396776239
-0.10812349353557238
0.17425890937057886
0.0
0.4864341706418145
-0.0680047291140653
-0.24990768129140406
1.5914194069314078
0.4212134650763346
-0.051272250395129504
1.0786116219614428
2.5404201930512897
-0.004631424720273003
-0.1843438021746806
1.3623251710069155
0.7271489778373947
0.08893853118030393
0.0034876997182493596
0.18375351165668974
-0.2499417444689982
0.39401772226783294
1.6698441962867605
1.459906178463143
-0.20589599431380634
0.08223809823702766
-0.026148631585982685
0.1654451301363622
-0.08223809823702766
0.06039747814705265
0.7879123022112537
1.7429693050586081
-0.0422683165132014
0.04146694778349058
-0.1397619423752019
0.08459196358433019
0.22262393581800666
1.350613766100082
-0.5802729374329232
-0.38638896104728815
0.0
-0.01901862098397089
0.6730389510165793
-0.31950386248144014
0.43936665978381484
0.0
0.039436952747550436
0.24066810768366054
1.254822701458366
-0.014172451088057869
0.18375351165667553
0.29421556070819577
-0.01313299960219183
0.005785937067059876
0.1893212672062674
-0.20763936477833056
1.7887788410898509
0.29447568417177195
-0.005081113140192883
0.06440524999726449
0.0748798749323214
0.12450641475021484
3.2008933223177394
0.6606454176553456
-0.14723023698269344
0.8054763655338633
0.8219800524029353
-0.06371581438611429
0.5643143087169875
-0.3604050028328487
0.4942011999794431
0.15947045645305025
0.5036780475704035
0.5424627087091665
0.8722934114833407
-0.7437909133786604
0.2553037503166138
0.6294740856988028
0.3225774483023258
0.05078441442137205
-0.02452916441029629
-0.028170876966726155
0.04670899796556682
2.4322966995156747
1.417066019786617
-0.19972551580765696
-0.07856232250310313
-0.030098031157365313
0.468734593542365
-0.01239845405788742
0.7884573603642195
0.4904167521347702
0.0365200715775984
0.10744168186164416
0.09246522767213605
0.07107403769077791
1.6733318960050525
-0.11778303565635895
-0.04417121831313864
1.6225474815837089
-0.1962378160894076
-0.5978370007555895
0.6730389510166077
0.36197999616841514
0.39541477225469635
0.14324964209345126
0.7468725799161433
3.115493549222478
3.2423602701012726
0.5285252008654027
-1.5758917899428724
1.0433496099930153
2.091573043737128
-0.21112095133696585
-0.5039051809214499
-0.06892539282701193
0.4150214948284372
-0.18232155679392292
0.008432091718589163
0.0
0.023374652063495205
-0.14723023698267923
-0.22699712063021593
0.0748798749323214
-0.10812485743196021
0.2092890764529045
-0.08967307672453728
-0.6862267377153586
0.06371581438608587
0.08741498641651901
-0.0425596144188205
0.11909969154120859
0.935877865149493
0.12540126654118922
-0.06892539282699772
-0.021485667755484883
-0.055973158278618484
-0.14310084364070974
0.05343237705938009
0.009317466637867255
-0.5032573741381299
0.06585517702237098
0.11161255715023799
0.8397296107593633
-0.16320051534715674
0.0
-0.2944756841718288
0.3429447511268364
0.00617047850616359
-0.5302168130806422
0.289683273840069
3.2423602701012726
0.9545119446944028
0.11161255715023799
0.46973106303310885
0.10812349353558659
0.24149268998237972
-0.2913118405023738
-0.22921205715061888
1.0551271767283907
-1.1306415312403288
-0.02329556260355048
0.6647792398424741
-0.2016373460932286
0.07796154146966217
0.20479441264596687
-0.0252645016595352
-0.4515415664060214
0.832857176232352
0.0011545123468010843
-0.27135517916428853
0.32376165670420676
0.5643143087170301
-1.6795023745111877
0.0
0.28036311414371085
-0.1019062807897484
1.1303609869826232
0.16034265007520077
2.3594379045868408
0.6176966259713623
-0.085399773095304
-0.14658243019938766
-0.24221969837506663
0.25580276615681896
-0.08081940674176735
-0.039436952747564646
-0.2868166461753532
0.02954715634665206
0.9480394301887145
0.8754687373538843
0.06679748092352611
0.7910469172709753
0.19585140902619003
-0.15154989812721453
0.9514302781569342
0.8773958915445235
0.38872292696504473
0.05894253563346297
-0.569533224592746
-0.02272372044026838
0.9197569398506147
0.24401512579932216
-0.05064373281875589
-0.18424871098453366
0.27605631287741517
0.5460405300570059
-0.2775297009877633
-0.538905916920001
0.442181123646435
0.009317466637867255
-0.546237661989224
0.546040530057013
-0.017564063322623724
0.37371640979360876
0.4509274821849232
-0.47000362924573835
0.33420208808666985
0.7753243607620703
0.4623112836225829
-0.12754991140499783
-0.01239845405788742
0.912026333087681
1.2160012356494576
-0.14671570133972978
0.0034662079764586906
-0.10959862641290385
0.14894110138632755
0.07796154146976164
0.0527505653854945
0.29421556070818156
-0.0316370849432559
0.19585140902619003
2.7873310039769947
-0.29943096494091037
-0.010471299867305106
0.327349554625215
0.7410866428490408
1.215022640512501
-0.24318430219757659
-1.533203879690582
-0.19585140902617582
-0.12037259256304367
0.6363307055163148
0.16034265007519366
-0.24116205681687575
2.1699191266459366
-0.05406722127031571
0.2384110234449821
0.5526471186193191
0.09980216155966559
0.37371640979360876
-0.16320051534717095
-0.07654007712235966
1.2014696741078623
0.08081940674173893
1.6604837535271741
0.05932746192483762
1.5075436047527404
0.0
-0.1402558915084171
-0.323400155053875
0.6242777734845362
-0.008119124438522363
0.4212134650763346
0.6486954179891455
2.022871190191438
-0.7910469172709753
0.02144749787288447
-0.11541840934766867
-0.0365200715775984
0.28605737672474163
0.7375989431307772
0.08614595071313147
-0.2651632089164053
3.0815465646851834
0.15703835148444512
0.03636764417085203
1.7593522262732222
0.9916401691159393
0.5401492386124858
0.02148566775545646
0.013937507843763797
1.6733318960049957
0.09009304352713343
-0.00038454143904687044
0.9197569398506147
0.6142199219702178
0.42467967305283594
0.75311064532751
0.17121080257250298
-0.47000362924573835
2.145005420796565
1.4291975218439745
0.864418901167312
0.0655638791167803
-0.6430813543327076
-0.021978906718814528
1.1021901100159397
-0.14788106681369584
0.10708774653966913
1.1306415312403288
0.17974423577962284
0.6327380527643953
-0.803895059748811
-0.2913118405024022
0.07796154146966217
-1.7429693050585797
-1.042787127555826
-0.2104924337606633
0.2431843021975908
-0.3001045924503103
1.014363889556222
1.2065735860259394
1.1306415312403288
0.2676028295457513
2.359437904586855
-0.11021478602853563
-0.013132999602163409
-0.49730907993597384
1.4315067039414657
0.22527802384279028
-0.01116406054620711
0.442181123646435
0.015255527624958631
-0.006723379093855897
0.1863783574896445
0.19735943415845725
0.0
0.8219800524028926
0.6166071034376017
1.0377385416197171
-0.08863810101344427
-0.8005674291807594
-0.03797924806524122
0.6504876111208233
0.16019963970670403
-0.33420208808668406
0.35253871854632735
0.1843438021746806
0.9214945597492203
0.8765504032246412
0.0
-0.4968148866963844
0.1755155023249415
0.11739849421729787
-0.48379695137803935
0.05127225039511529
0.24990768129143248
1.0349756163816295
-0.24688544286954084
0.2431843021975908
-0.12957099140844264
-0.11860574240785127
3.042634754293587
0.8694368362562273
-0.25489224962878154
0.033522692038673085
-0.18468618310265583
-0.17121080257247456
-1.2327222176119363
-0.7119507614081755
0.614219921970232
0.17121080257250298
-0.14658243019940187
-0.14788106681369584
0.10959862641290385
3.1915758556799148
0.42199441005936933
0.012131502057343369
1.350613766100082
-0.0027042705296196345
-0.32542240043463266
0.2024297863372908
0.688153891906012
0.45092748218489476
0.11778303565635895
0.08967307672452307
-0.3463335901439848
2.533696813957434
-0.01116406054620711
0.5285252008654169
-0.11401857840094465
0.42314061926693114
0.056570351488431925
0.5687680439181264
0.6420555194022342
-0.18232155679396556
0.4093335848860704
0.07197349962510202
-0.09286932980700158
1.3162267985031235
0.20763936477827372
0.2666286632539254
0.30097001872680096
-0.05932746192485183
1.0253400875618155
-0.021485667755484883
0.0
0.4724357342143577
0.747257121355176
0.10228540974551947
0.1831869830704278
0.014172451088043658
-0.02526782672725858
0.8765504032246554
0.1598487009419074
1.3542060465683932
1.7552683606456654
-0.44413424926726464
0.28195139774280165
0.0
-0.07061756721395795
-0.24401512579933637
2.5176964726110356
-0.018743227343236413
0.4220255955767982
-1.215022640512501
0.13040149961560132
0.006723379093841686
1.3634796833537166
0.7910469172710037
0.7644562082648036
0.08217718020212317
2.563794845114785
-0.49420119997948575
-1.035018947185037
2.315007612992588
3.2423602701012726
0.0
1.215022640512501
-0.2676028295457371
-0.11518225395634829
0.43628603878103434
0.19574457712604953
0.19720448748564934
-0.10322604312924
0.8722934114833407
-0.046098372503763585
-0.4623112836226113
2.3983497149783943
-1.3046027607560475
0.5874021234630504
-0.09286932980698737
0.0027042705296480563
-0.46973106303312306
0.3117796240308195
1.8180767775454711
-0.015255527624987053
-1.7409871438546247
-0.03163708494324169
-0.16190442448889542
0.5992153607257507
-0.05297769873646985
0.013132999602149198
0.012618463959228166
-0.24613306953887104
-0.03554493741933129
-1.7429693050585797
1.2889201970947255
-0.19720448748566355
-0.30058547728772567
0.07869687871897213
0.03303485606491563
0.03882079313198972
0.2972515234678781
-0.006170478506135169
0.23561605256975326
0.16022972590361917
0.4462871026283892
0.10978950106913032
-0.15947045645303604
-0.9197569398506218
-0.01555241300749799
0.14985828591203187
0.4841760803337962
1.7746063900018356
-0.40989409351946904
0.6041996945434391
-0.4515415664060214
0.09425253824613833
0.9720955730429921
0.033522692038658874
0.15154989812720032
-0.18098228846443476
0.06440524999726449
-0.21786649421333948
0.9732820473763297
-0.4462871026283466
-0.38484582090542574
0.1598487009419074
0.9732820473763013
-0.5583691640465389
0.01863407954493823
-0.38872292696507316
0.35832465561341564
-0.24613306953887104
-0.034097495636359554
0.2239154540927757
0.02329556260355048
-0.7119507614081755
0.17551550232496993
0.2913118405024022
0.6800750989926883
-0.255303750316628
-0.05348868495099168
0.0
-0.42429513161376065
0.06597047600030237
-0.09434446268433305
0.7889513094975626
0.7223434155058044
-0.10322604312924
-0.3309837486393832
0.17185025692666045
-0.053244514518837605
-0.2178664942133537
0.6260078777223583
-0.32106908848452065
0.3488657936245261
0.3490510188280922
0.06453852113762082
0.11021478602856405
-0.14658243019937345
-0.14723023698272186
0.9668430110369144
-0.01769957709944947
-0.0644085750650163
-0.29911076827542615
0.013937507843763797
0.020186713587065697
-1.0160441593027514
-0.26823161208635327
1.8846665238146088
0.00756824962782332
0.20435694052790154
-0.02526782672725858
0.04763742628963996
-0.3890431236305574
2.155981618802187
-0.5862476111162493
-0.07796154146973322
0.4864341706418429
0.044430291594252935
0.05752384413818845
-0.10178269430997489
0.11934675763262703
0.9452383079090367
0.07650659895611511
1.340559420830516
0.11860574240785127
-0.5738491570583051
-0.001927154190610736
-0.4752806863465793
0.9905886555907699
0.937492939524688
0.01954459607298986
-0.2972515234679065
0.21786649421331106
0.13254325025168612
0.6862267377153586
0.03009803115733689
0.36197999616842225
-0.61180154110599
-0.054067221270329924
2.174751721484199
-0.2676413215683624
0.025267826727287
0.42956265968717844
-0.10150694634185697
0.8835009090511221
0.006191970247868994
0.2414926899823655
-0.31223609450766787
-0.6041996945434107
0.7437909133786604
-0.04301738508368658
-0.7910469172709895
0.0701456093667332
0.851285901565177
-0.04532395619293084
0.9322452531559691
0.0843811092721296
-0.5877866649021257
-0.05884050002293861
0.17893070882568907
0.0
-0.1518805312927327
1.157968230478943
0.6606454176553598
-0.02791858968433303
-0.0577391783257184
0.014291628721707639
-0.00578593706711672
-0.06082814272889436
-0.6436465367868749
0.07796154146976164
0.0
-0.6050781620121484
1.5690283740962165
0.2499417444689982
0.022944623838768052
3.2093254140363285
-0.2896832738400974
0.8877144637708625
-0.02791858968433303
0.2947995402206516
0.18375351165667553
-1.0349756163816295
2.02049900604635
-0.8100655382549462
-0.5860823611235588
-0.8085264844690698
1.12416901673474
0.33098374863936897
-0.07487987493229298
0.17961728626428908
-0.008432091718617585
0.5816161863959621
0.4542552722775639
-0.2617065860485326
-0.1846861831026274
1.2855181418839976
0.0
-0.0363676441708094
0.6486954179891171
-0.7851518324055888
0.3844116989102986
-0.02797668779152218
1.8689491079191498
0.7064549536866735
0.16544513013634798
1.5914194069314078
-0.5175490028598233
-0.07569200543278498
-0.12957099140844264
-1.1276567164529894
-0.2921364228011498
0.010471299867276684
0.0
1.7887788410898509
1.546465175126258
0.4094255093242509
0.9844070743595097
-0.4883527679139519
0.07796154146967638
-0.3890431236305574
-0.9062403960206495
3.130747712951006
-0.41356231834078017
0.27605631287741517
-0.09434446268436147
0.28195139774280165
-1.3576937462866283
0.6113468627830656
0.09395240634393076
1.4521207124418964
1.4936060969089482
0.13815033848077007
0.37072215966426825
-0.04301738508370079
1.6104374127671974
0.061693569005313975
-1.094621860388088
0.3575891600620906
-0.03009803115732268
-0.12777884935117356
0.28703251088302295
0.10228540974551947
-0.854021239481014
0.26088387929702606
2.0663085420776355
1.4046809873703552
0.9299827802840781
-0.6893084042528272
0.6730389510166219
2.155981618802201
0.7091475219063028
0.13231113621931456
-0.12337902116053101
0.689308404252813
0.22121118356312763
-0.19647530423199555
0.556149579958884
1.8827312474337958
0.15825856802415217
2.563794845114785
0.7879123022112395
0.5719099100355152
0.7103889869944595
-0.009273636785337658
-0.013937507843763797
0.0
0.240926161396132
-1.3897605690964099
-0.033699918445876165
0.02449510123277321
-0.009317466637867255
1.9841313618755265
-0.1229492832939556
1.2374487335223279
1.5075436047527404
1.0433496099929869
0.4212134650763204
0.10783720321859391
0.14324964209345126
-0.056570351488417714
-0.747257121355176
1.7066016608877703
-0.09383186481389316
0.0
0.271933715483641
0.08614595071311726
-0.02982058864137116
-1.091494820899186
0.42956265968720686
-0.37664466957268417
-0.03793627194346527
0.20589599431380634
0.0
0.27605631287741517
0.3149511005673844
0.1789307088257317
1.504077396776239
1.3016476104389767
-0.3575891600620906
1.3499267169489713
-0.05348868495096326
0.43936665978381484
0.4434167855581279
0.7410866428490408
-0.23889190828239748
0.44726223678665633
0.8754687373538843
0.1541506798272394
-0.43318965612303373
-0.058942535633434545
0.7602864833975644
-0.06886940707542522
0.3336272844889834
0.7437909133787031
-0.12370965432602077
0.8178506590608947
0.02452916441032471
-0.13265265794588288
0.14483094787849637
1.320793177458711
-0.07061756721394374
0.09246522767210763
0.6514744841593512
0.49071350026119376
-0.08863810101341585
0.23378799636419956
0.2916424736679062
0.046098372503763585
-0.10207153078243891
0.050784414421329416
-0.06101154385643781
0.016382921214670887
