0.4393666597838468
-0.06697062610619042
0.0
-0.09270939810426881
-0.08701137698962569
0.060908753086991396
-0.624154309072992
-0.25259075264051134
1.446918982936328
0.22314355131421593
0.27763173659827345
0.0
-0.06453852113757108
0.4307829160924541
0.14458122881110924
-0.49140753790889136
-0.4274440148269427
-0.18492233849399753
-0.10275973395778237
-0.6142199219702746
1.4350845252893194
0.49140753790888425
0.48835276791392346
-0.09884583463664143
-0.08701137698962924
-0.1445812288111057
0.6988778552689325
0.43936665978385037
-1.2845116668099443
0.976509591867206
0.11492996667397648
0.34460236270446387
0.0
-1.348073148299683
-0.53899650073269
0.20854475189305788
0.003913899321140946
-0.27763173659827345
0.08701137698963635
0.7621400520468988
-0.03822121282020419
-0.09884583463663432
0.04879016416941795
-1.0319209141694348
-0.3646431135879027
0.04879016416943216
-0.13613217432457958
-0.48835276791393056
0.9555114450274402
0.5389965007326865
-0.2719337154836339
0.20854475189305788
-0.2595111954850786
0.27763173659827345
-0.04879016416943216
0.08701137698962924
-0.011834457646997976
0.09884583463664143
0.1967102942460528
-0.48835276791393767
0.34460236270446387
-0.39256170327224993
-0.45953232937843325
1.615868802764389
0.17666954336261398
1.0635209688568388
0.11576079027561548
0.0
-0.48835276791392346
0.14763599880605938
1.0704414117014096
2.046651718856843
-0.11492996667397648
0.0
0.0487901641694215
0.0
0.2719337154836339
-0.06697062610619042
0.0
1.0635209688568352
-0.18492233849400463
-0.34460236270446387
0.0
1.0147308046874066
0.37156355643247885
0.34460236270446387
-0.27763173659827345
-0.00391389932113384
-0.031875208530451005
2.0754011321428294
0.8109302162163274
-0.37156355643247707
0.8266785731844664
0.4274440148269427
0.48835276791393767
1.415043774405877
0.0
0.14763599880605938
-0.34460236270446387
-0.04879016416943216
0.0
0.21245865121419172
0.7915872533732049
0.03822121282020419
-0.08701137698962924
-0.07522342123758818
0.14458122881110924
0.0
-0.6751286750572731
0.6603573577369541
-0.624154309072992
-0.7239188392266911
-0.09270939810427592
0.020040750883438818
1.2845116668099443
0.11492996667397648
-0.49140753790888425
0.7621400520469024
0.53899650073269
0.6241543090729849
0.0
0.14763599880606648
-0.060624621816430135
0.6399026660411309
0.011834457646997976
-0.604113558189546
-0.06453852113757108
0.11492996667397648
0.2595111954850786
0.5753641449035527
0.2288415724288555
2.1111902399944142
1.2845116668099443
0.10969891725641645
-0.048790164169425054
-0.2076393647782382
0.0
0.14763599880605938
-0.7915872533732049
-0.03822121282020419
1.0753554265038403
1.0753554265038403
0.0
0.27193371548362677
-0.09884583463664143
0.31585294941847764
0.035789107851584845
-0.37156355643247885
1.0434802179733964
-0.020040750883445924
0.6142199219702782
0.17666954336261398
1.0704414117014096
-0.20854475189305077
0.2525907526405149
-0.07522342123758818
0.0
-0.5839478885949596
2.0084305060366425
0.35222059358935454
-0.7621400520468953
-0.028749413285986236
0.25951119548508217
0.08701137698962214
-0.17666954336261398
0.0
-0.011834457646997976
1.8987315887802225
-0.6142199219702746
1.0635209688568352
0.34460236270446387
0.0
-0.635988766719997
-0.18492233849399753
0.604113558189546
0.49140753790889136
-1.0434802179733964
0.31585294941847764
0.0
0.167932819341857
0.0
-0.2595111954850786
-0.035789107851584845
0.6399026660411309
-0.49140753790889136
-0.14763599880606648
-0.5371429320833556
0.6142199219702746
0.10969891725641645
-0.3803914705560487
0.25189296460019506
0.0
0.8109302162163274
0.3646431135879027
-1.4712875739532798
-1.7307987694383655
0.015748356968146027
1.415043774405877
0.14792013007662774
0.604113558189546
0.25951119548508217
0.0
0.06453852113757108
2.046651718856843
0.635988766719997
0.0
-0.31585294941847764
0.10969891725641645
-0.15154989812720032
-0.03822121282020419
0.28376817313063896
-0.020040750883445924
0.25189296460019506
0.0
-0.06697062610619042
0.09270939810426881
0.3522205935893581
0.49140753790888425
1.0147308046874173
1.615868802764389
1.415043774405877
0.0
-0.08701137698962924
0.03822121282020419
-0.048790164169425054
-0.14792013007662064
0.0
-2.0954418830262718
0.20854475189305788
0.020040750883445924
2.046651718856843
-0.25189296460019506
-0.28376817313063896
0.31585294941847764
0.06062462181643724
0.0
-0.3437715391028249
-0.604113558189546
1.0753554265038403
0.5753641449035598
0.4393666597838539
1.348073148299683
-1.0704414117014096
0.3646431135879027
-0.53899650073269
0.14792013007662064
0.060908753086991396
0.0
-0.8109302162163203
0.7621400520468988
0.53899650073269
0.1967102942460528
-0.2595111954850786
2.0084305060366425
0.0
-1.0635209688568352
-0.060908753086991396
0.3313571359544447
1.435084525289323
0.0
1.4712875739532798
0.04879016416943216
0.22314355131420882
0.27763173659827345
0.2288415724288555
-0.10275973395778237
0.49140753790889136
-0.14792013007662064
-0.4307829160924541
0.698877855268929
0.3646431135879098
0.011834457647005081
-0.06453852113757108
0.37156355643247707
0.048790164169425054
0.0
0.09884583463663432
0.33135713595444827
-0.18492233849399753
0.011834457647012186
1.7307987694383655
0.0609087530869985
-0.031875208530451005
0.0
-0.9277194276977809
0.47957308026187917
-1.3862943611198908
-0.020040750883445924
0.11576079027561548
0.0
0.09884583463664143
1.0147308046874066
-0.07522342123758818
0.0
0.0
-0.10969891725641645
1.615868802764389
1.4350845252893194
0.44628710262841764
-0.37647757123490777
0.0
1.348073148299683
1.0753554265038439
0.583947888594956
0.031875208530451005
0.0
-0.27763173659827345
0.167932819341857
0.167932819341857
0.07522342123758108
0.0
0.866810674610786
-0.7908894653328815
0.060908753086991396
-0.08701137698963635
-0.866810674610786
-0.1358015411590543
0.2828627860158264
0.08701137698963635
1.615868802764389
0.49140753790888425
0.7621400520468882
0.28376817313065317
-0.003913899321140946
1.9596403418672175
-0.13613217432457958
1.0635209688568388
-0.11576079027561548
0.03822121282020419
0.45953232937843325
0.27763173659827345
0.031875208530451005
0.2719337154836339
0.7908894653328815
0.9555114450274331
0.583947888594956
0.18677590714333903
0.048790164169425054
-0.167932819341857
-0.2288415724288484
-0.15154989812720032
-0.3803914705560558
1.7307987694383655
0.2719337154836339
-0.8227646738633254
-0.37156355643247885
0.15154989812720032
0.4883527679139341
0.28376817313063896
0.11576079027560837
0.42744401482693917
0.0
0.06062462181643724
0.4274440148269427
-0.011834457647005081
0.07522342123758818
0.8109302162163203
0.624154309072992
-0.0318752085304439
-0.07522342123758108
-0.07522342123758108
0.13613217432457958
-0.37647757123490777
0.0
0.0
0.866810674610786
0.18492233849399753
-0.3646431135879098
0.09270939810427237
0.604113558189546
0.11576079027561548
0.0
0.7239188392266946
0.33135713595444116
0.048790164169425054
0.4307829160924541
1.8987315887802225
0.020040750883445924
0.9277194276977845
0.10275973395778237
0.031875208530451005
1.0147308046874066
-0.14458122881110924
0.48835276791392346
0.44628710262841764
1.615868802764389
0.1967102942460457
0.25189296460019506
0.7239188392266982
0.15154989812720032
-0.2076393647782382
0.5371429320833556
0.0
0.09884583463664143
-0.2828627860158264
-0.020040750883445924
0.0
0.6751286750572731
1.3862943611198908
-0.5371429320833556
1.615868802764389
-0.7621400520468882
0.0318752085304439
0.0
0.13613217432457958
-0.020040750883438818
-0.20854475189305788
0.0
0.2288415724288484
0.8109302162163274
-0.2828627860158264
-0.25951119548508217
2.0754011321428294
0.3646431135879027
0.271933715483641
1.0753554265038403
0.430782916092447
0.42744401482693917
-0.6751286750572696
0.6241543090729884
0.8227646738633325
0.583947888594956
-0.45953232937843325
-0.9555114450274402
0.5389965007326865
0.5839478885949596
-0.45953232937843325
-0.4462871026284212
0.9765095918672024
0.04879016416941795
-0.8109302162163203
1.2845116668099443
0.698877855268929
0.810930216216331
1.615868802764389
-0.2719337154836339
-0.00391389932113384
-0.167932819341857
0.48835276791393056
-0.020040750883438818
0.6988778552689325
-0.810930216216331
0.22314355131421593
0.0
-0.17666954336261398
0.1358015411590614
0.0
-0.1967102942460528
-0.020040750883438818
-0.583947888594956
0.6241543090729849
0.020040750883438818
0.3313571359544447
-1.2992829841302616
-0.31585294941847764
-0.11492996667396937
-0.604113558189546
0.11576079027560837
0.10969891725641645
-0.33135713595444827
-0.04879016416943216
0.1967102942460528
-0.13613217432457958
-0.060908753086991396
-0.34460236270446387
1.0635209688568352
0.6751286750572696
-1.163150809805682
-0.6142199219702782
0.0
2.0754011321428294
0.53899650073269
1.0753554265038439
-0.09884583463664143
0.028749413285986236
0.10275973395777527
0.0318752085304439
0.25259075264051134
0.9277194276977809
0.9277194276977845
0.10969891725641645
-0.08701137698963635
0.20854475189305788
-0.2828627860158264
-0.33135713595444116
0.0
1.2383742310432702
-0.07522342123758108
0.0
-0.6988778552689325
-0.06697062610619042
0.11492996667397648
1.0147308046874066
-0.25189296460019506
-0.14763599880606648
-0.20854475189305788
0.5753641449035527
0.25189296460019506
-0.028749413285986236
-0.14763599880605938
-0.035789107851584845
0.03822121282021129
1.0792693258249813
-2.0754011321428294
-0.031875208530451005
0.028749413285986236
0.0
-0.271933715483641
1.615868802764389
-0.25951119548508217
1.2992829841302616
-0.2525907526405149
0.2719337154836339
0.6603573577369541
0.27763173659827345
-0.22314355131420882
0.048790164169425054
0.7915872533731978
-0.20854475189305077
0.06697062610619042
1.0319209141694348
-0.14763599880605938
0.6241543090729849
0.42744401482693917
0.0
-0.015748356968146027
-0.04879016416941795
0.28376817313064606
0.6142199219702782
1.9596403418672175
1.615868802764389
-0.03822121282021129
-0.03822121282021129
0.2076393647782453
0.48835276791393056
0.0
0.2595111954850857
0.44628710262841764
-0.47957308026187206
-0.33135713595444116
-0.09270939810426881
-0.14792013007662064
0.14792013007662774
-0.3646431135879098
0.9555114450274402
-0.09270939810427237
0.635988766719997
-0.42744401482693917
0.5371429320833556
1.4712875739532798
1.415043774405877
1.435084525289323
0.18492233849400463
0.17666954336261398
-0.14763599880605938
0.0
-0.11492996667396937
-0.53899650073269
0.5371429320833521
-0.14458122881110924
-0.11576079027561548
0.0
0.5389965007326865
1.0753554265038403
0.060908753086991396
0.8227646738633325
0.0
0.028749413285986236
-0.06697062610619042
0.25189296460019506
0.21245865121419172
1.0319209141694348
0.031875208530451005
0.0
-0.8227646738633325
-0.5753641449035527
0.0
0.42744401482693917
2.1111902399944142
0.18492233849399753
-0.37156355643247707
0.0
0.11576079027561548
2.046651718856843
-1.163150809805682
-0.08701137698962924
-0.27763173659827345
0.0
0.9765095918672024
0.13613217432457958
0.5371429320833556
-0.271933715483641
0.27763173659827345
-0.49140753790889136
0.624154309072992
1.415043774405877
-0.31585294941847764
0.20854475189305788
-0.2288415724288484
1.615868802764389
0.048790164169425054
-0.03822121282020419
1.615868802764389
0.020040750883445924
-0.27763173659827345
-1.348073148299683
-0.0318752085304439
0.8109302162163274
0.2525907526405149
0.2076393647782453
0.048790164169425054
0.0
-0.11576079027561548
-0.003913899321140946
-0.20763936477824885
-0.11492996667397648
-0.20854475189305788
-0.14458122881110924
1.0635209688568317
-0.635988766719997
-0.20854475189305077
0.3646431135879027
0.3646431135879027
0.0
-0.06453852113757819
1.163150809805682
-0.271933715483641
0.866810674610786
0.13613217432457247
0.3803914705560487
-0.031875208530451005
0.3646431135879098
0.0
-0.10275973395778237
1.0635209688568352
-0.011834457647012186
-0.42744401482693917
0.015748356968146027
-0.8668106746107895
1.2992829841302616
0.14458122881110924
2.046651718856843
0.5753641449035598
-0.08701137698962924
0.6399026660411309
-0.020040750883445924
-0.1967102942460457
0.21245865121419882
-0.060908753086991396
0.866810674610786
-0.13613217432457247
0.003913899321140946
-2.107276340673277
0.14763599880605938
1.0792693258249777
0.9277194276977809
1.9596403418672175
0.22314355131420882
0.42744401482693917
-0.2288415724288484
0.18492233849400463
-0.03822121282020419
-0.810930216216331
1.2383742310432702
0.06453852113757819
1.4508328822574619
0.0318752085304439
-0.7908894653328815
1.0792693258249777
0.28376817313063896
-0.3313571359544447
-0.33135713595444827
-0.9765095918672024
0.42744401482693917
0.011834457647005081
1.9596403418672175
0.4393666597838539
0.49140753790888425
-0.5389965007326865
1.3480731482996866
0.7915872533731978
-0.035789107851584845
0.8227646738633254
-0.011834457647005081
-0.6241543090729884
-0.03578910785159195
0.3925617032722428
0.6142199219702782
-0.25951119548508217
0.28376817313063896
-1.299282984130265
-0.6603573577369541
-0.1967102942460528
0.6142199219702782
0.0
0.0
-0.02874941328599334
0.8109302162163345
-0.09884583463664143
0.9277194276977845
1.0753554265038439
0.2525907526405149
0.04879016416941795
-0.624154309072992
0.09884583463664143
-0.18677590714333547
0.2876820724517799
-0.49140753790889136
0.0
0.00391389932113384
0.1358015411590614
1.415043774405877
1.2992829841302616
1.299282984130265
0.0
0.583947888594956
-0.33135713595444116
-0.9555114450274331
0.0
0.11576079027561548
0.11576079027561548
0.0
0.37156355643247885
0.0
0.10275973395777527
0.0318752085304439
0.35222059358935454
0.4393666597838539
0.0
0.11492996667397648
-0.43936665978385037
-0.07522342123758818
0.2828627860158335
0.3646431135879027
0.583947888594956
0.0
-0.48835276791393056
0.34460236270446387
0.0
-0.2231435513141946
1.415043774405877
-0.04879016416941795
0.4462871026284212
0.34460236270446387
0.34460236270446387
0.7915872533731978
-0.048790164169425054
-0.17666954336260687
0.7915872533731978
-0.11492996667397648
0.8109302162163274
-0.271933715483641
0.0
0.15154989812720743
0.035789107851584845
0.25951119548508217
0.09884583463664143
0.0
-0.37156355643247707
0.5753641449035563
0.6988778552689325
0.028749413285986236
-0.8109302162163203
0.2525907526405149
0.0
0.0
0.6399026660411309
0.011834457646997976
-0.048790164169425054
-0.13613217432457958
0.011834457647005081
-0.21245865121419172
-0.1967102942460528
0.8109302162163345
0.0
0.18492233849399753
0.14458122881110924
-0.2076393647782453
-0.11492996667396937
-0.3803914705560558
0.07522342123758108
0.7621400520468882
0.27763173659826634
-0.20854475189305788
-0.53899650073269
-0.21245865121419172
-0.44628710262841764
-0.015748356968146027
0.45953232937844035
-0.27763173659827345
-0.15154989812720032
-0.21245865121419882
0.6359887667199899
-0.035789107851584845
-0.34460236270446387
0.6603573577369541
0.6142199219702782
0.08701137698962924
0.6359887667199899
0.14792013007662064
0.0
1.3862943611198872
-0.21245865121419882
-0.4307829160924541
0.2828627860158264
0.048790164169425054
0.28376817313063896
0.866810674610786
0.0
0.0
1.299282984130265
0.13613217432457958
0.22314355131420882
0.6359887667199899
0.675128675057266
-0.09270939810427592
0.2719337154836339
0.18677590714333547
0.3646431135879098
2.0754011321428294
-0.03822121282020419
0.0318752085304439
-0.18492233849400463
0.0
-0.2876820724517728
-0.2231435513141946
-0.14763599880606648
0.0
0.14763599880606648
0.35222059358935454
0.25189296460019506
0.0
0.08701137698962924
0.7239188392266911
-0.25189296460019506
0.10275973395778237
0.39256170327224993
0.7915872533731978
-0.011834457646997976
-0.07522342123758108
0.810930216216331
0.035789107851584845
0.698877855268929
-0.48835276791393056
0.11576079027561548
0.34460236270446387
-0.25951119548508217
0.028749413285986236
-0.17666954336261398
0.9555114450274331
0.14763599880606648
1.4712875739532798
0.6241543090729849
0.3646431135879027
0.3646431135879098
-0.9277194276977809
0.25189296460019506
0.14763599880605938
0.028749413285986236
0.31585294941847764
-0.1967102942460457
0.13613217432457958
-0.39256170327224993
0.2595111954850857
0.09270939810426881
-1.615868802764389
-0.00391389932113384
0.9277194276977809
-1.0434802179734
1.446918982936328
0.08701137698963635
0.03822121282020419
0.0
0.34460236270446387
0.53899650073269
0.0
0.28376817313063896
0.11492996667396937
-0.45953232937843325
0.4307829160924541
0.0
0.6751286750572731
-0.03822121282020419
1.8235081675426343
-0.31585294941847764
0.10969891725641645
1.0319209141694348
0.21245865121419172
0.624154309072992
0.6241543090729849
0.13613217432458669
0.048790164169425054
0.17666954336261398
-0.3646431135879098
-0.031875208530451005
-0.18492233849399753
1.8987315887802225
-1.4712875739532798
0.4795730802618863
0.0
-0.5839478885949596
0.48835276791393056
0.810930216216331
0.0
0.0
-1.0753554265038439
0.7239188392266911
0.4462871026284212
-0.5839478885949596
0.0
-0.34460236270446387
-0.04879016416943216
-0.27763173659826634
0.2876820724517728
-2.107276340673277
0.0
0.7915872533732013
1.8235081675426343
-0.1358015411590614
-0.4307829160924399
0.810930216216331
-0.011834457646997976
0.2525907526405149
-0.5753641449035563
1.8987315887802225
0.14792013007662064
2.046651718856843
-0.6399026660411309
1.0635209688568388
-0.3646431135879027
0.6142199219702782
0.0
0.604113558189546
0.14763599880605938
0.22314355131420882
-1.3480731482996866
0.031875208530451005
-0.53899650073269
1.2845116668099443
2.046651718856843
0.14458122881110924
-0.09884583463664143
0.0
0.14763599880606648
-0.04879016416943216
-1.0635209688568388
0.2719337154836339
-0.011834457646997976
0.0
0.011834457647005081
0.04879016416943216
0.4393666597838539
-0.2525907526405149
0.011834457647012186
0.0
0.698877855268929
0.31585294941847764
0.0
-0.011834457647005081
-0.17666954336261398
0.27763173659827345
-0.03822121282019708
-0.011834457647005081
0.8109302162163274
-0.08701137698962924
0.18492233849400463
0.635988766719997
0.48835276791392346
0.0
0.4393666597838539
-0.02874941328599334
1.8235081675426343
0.6988778552689325
0.4393666597838468
-0.03822121282020419
1.163150809805682
-0.03822121282020419
0.011834457647005081
-0.2876820724517799
0.866810674610786
0.6399026660411309
0.976509591867206
0.4462871026284212
-0.167932819341857
-0.7239188392266982
0.11492996667397648
-0.20854475189305788
-0.7239188392266946
2.0084305060366425
0.6988778552689325
2.0954418830262718
0.13613217432458669
0.17666954336261398
0.0
1.0319209141694348
0.06062462181643724
0.3646431135879098
-0.25259075264051134
-0.27763173659827345
0.0
