0.11778303565638559
0.0
0.4700036292457348
0.08961215868968608
-0.11778303565638559
-0.5978370007556233
0.0
0.30010459245033694
0.25951119548508395
0.8979415932059602
0.5978370007556233
0.5978370007556233
0.4700036292457348
0.4700036292457348
0.0
0.16989903679539786
-1.067840630001358
0.028170876966695957
-0.16989903679539786
0.0
0.8979415932059602
1.067840630001358
-0.08961215868968608
0.0
0.2876820724517817
-0.11778303565638382
0.5978370007556233
-0.8979415932059602
0.0
0.11778303565638559
0.11778303565638382
0.0
0.5877866649021186
-0.028170876966695957
-0.8979415932059602
-0.8979415932059602
0.0
0.30010459245033694
1.185623665657742
-0.5877866649021186
0.08961215868968786
0.0
0.0
0.25951119548508395
0.30010459245033694
0.08961215868968608
-0.08961215868968608
0.0
-0.2595111954850857
-0.11778303565638559
0.4700036292457348
1.185623665657742
0.0
-0.11778303565638382
0.0
0.0
-0.8979415932059602
0.0
-0.5877866649021186
0.4700036292457348
0.5596157879354227
-0.30010459245033694
0.0
0.0
-0.16989903679539786
-0.16989903679539786
-0.28768207245178345
0.30010459245033694
0.0
0.8979415932059602
-0.5877866649021186
0.11778303565638382
0.0
0.0
-0.30010459245033694
0.4700036292457348
1.067840630001358
-0.25951119548508395
0.0
0.11778303565638382
-0.30010459245033694
-0.25951119548508395
-0.11778303565638559
0.0
0.08961215868968786
0.5978370007556233
0.16989903679539786
0.0
-0.08961215868968608
0.08961215868968786
0.5877866649021186
0.0
-0.2876820724517817
0.4700036292457348
0.30010459245033694
-0.4700036292457348
0.5877866649021186
0.028170876966695957
0.8979415932059602
-0.28768207245178345
0.08961215868968608
1.185623665657742
0.0
-0.28768207245178345
0.16989903679539786
-0.5596157879354227
0.028170876966695957
0.5596157879354209
0.0
1.1574527886910442
-0.8979415932059602
0.4700036292457348
0.11778303565638559
-1.185623665657742
0.8979415932059602
0.4700036292457348
0.8979415932059602
1.1574527886910442
-0.5978370007556233
-0.5596157879354209
-0.28768207245178345
0.2595111954850857
1.067840630001358
0.0
0.0
0.16989903679539786
-0.11778303565638382
1.067840630001358
0.08961215868968608
0.28768207245178345
0.16989903679539786
0.0
0.0
0.028170876966697733
0.028170876966695957
0.5978370007556233
0.2876820724517817
0.0
0.16989903679539786
0.0
0.5978370007556233
1.1574527886910442
-0.08961215868968608
-0.08961215868968786
1.067840630001358
-0.2595111954850857
0.4700036292457348
1.067840630001358
-0.08961215868968608
-0.11778303565638559
0.0
0.0
0.0
1.1574527886910442
0.0
0.28768207245178345
1.067840630001358
-0.2595111954850857
-0.11778303565638559
0.0
0.8979415932059602
0.0
0.5596157879354209
1.1574527886910442
-0.25951119548508395
0.028170876966697733
0.5978370007556233
-0.5978370007556233
0.0
-0.30010459245033694
0.0
0.30010459245033694
0.0
0.5978370007556233
0.8979415932059602
0.30010459245033694
0.30010459245033694
0.5877866649021186
0.5978370007556233
0.0
-0.08961215868968608
0.08961215868968786
0.5596157879354227
0.4700036292457348
1.1574527886910442
-0.8979415932059602
0.5596157879354227
0.08961215868968608
0.0
0.0
1.185623665657742
0.0
0.0
1.1574527886910442
-0.2595111954850857
0.25951119548508395
0.08961215868968786
0.0
-0.16989903679539786
0.0
0.08961215868968608
-0.30010459245033694
-0.16989903679539786
0.0
0.25951119548508395
0.028170876966697733
1.067840630001358
-0.08961215868968608
0.0
-0.5978370007556233
0.8979415932059602
0.30010459245033694
0.028170876966697733
0.0
0.0
0.16989903679539786
0.0
-0.4700036292457348
0.028170876966695957
-0.5978370007556233
0.08961215868968608
-0.4700036292457348
0.5596157879354209
0.0
-0.2595111954850857
0.0
0.08961215868968608
0.0
0.08961215868968786
-0.08961215868968608
-0.08961215868968608
0.08961215868968608
0.0
0.30010459245033694
-0.08961215868968608
0.2876820724517817
0.2595111954850857
0.08961215868968608
0.0
-0.8979415932059602
0.0
-0.25951119548508395
0.0
0.25951119548508395
-1.1574527886910442
0.0
-1.067840630001358
0.0
0.25951119548508395
-0.08961215868968608
0.0
0.0
-0.08961215868968608
0.028170876966695957
-0.08961215868968608
-0.08961215868968786
-0.25951119548508395
0.28768207245178345
0.0
0.25951119548508395
1.1574527886910442
-0.4700036292457348
0.0
0.16989903679539786
0.0
0.4700036292457348
0.08961215868968608
-0.4700036292457348
0.08961215868968608
0.0
0.0
0.0
-0.25951119548508395
-0.16989903679539786
0.5596157879354209
0.16989903679539786
0.0
0.08961215868968608
0.16989903679539786
0.0
0.0
1.1574527886910442
0.0
0.25951119548508395
0.028170876966695957
0.30010459245033694
1.067840630001358
0.0
0.28768207245178345
1.1574527886910442
0.11778303565638382
-0.11778303565638559
0.4700036292457348
1.067840630001358
-0.11778303565638559
0.0
0.30010459245033694
-0.08961215868968608
-0.5978370007556233
-0.5596157879354227
0.08961215868968608
0.08961215868968786
-0.5596157879354209
0.0
0.28768207245178345
0.0
0.0
0.5877866649021186
0.0
-0.5877866649021186
0.0
-0.30010459245033694
-0.4700036292457348
0.4700036292457348
0.5596157879354227
0.8979415932059602
-1.067840630001358
0.0
0.0
-0.08961215868968608
0.0
0.30010459245033694
0.25951119548508395
0.25951119548508395
1.1574527886910442
0.0
-0.08961215868968608
-0.028170876966697733
0.0
0.0
-0.25951119548508395
1.1574527886910442
1.1574527886910442
0.5877866649021186
0.25951119548508395
-0.08961215868968786
0.11778303565638559
0.0
0.25951119548508395
0.0
1.185623665657742
-1.185623665657742
0.16989903679539786
0.25951119548508395
1.067840630001358
0.0
0.0
-0.5877866649021186
-0.028170876966697733
0.2595111954850857
-0.5978370007556233
-0.08961215868968786
0.25951119548508395
0.028170876966697733
-0.11778303565638559
0.08961215868968608
-0.5596157879354227
0.0
0.0
0.0
0.0
-0.5877866649021186
-0.028170876966697733
-0.5877866649021186
-0.2595111954850857
-1.067840630001358
0.5596157879354209
0.0
-0.4700036292457348
-0.08961215868968608
1.067840630001358
-1.1574527886910442
0.0
-0.5596157879354227
1.1574527886910442
0.2876820724517817
0.25951119548508395
1.1574527886910442
0.0
0.2876820724517817
0.28768207245178345
0.8979415932059602
0.8979415932059602
0.5596157879354209
0.0
0.0
1.067840630001358
0.0
1.1574527886910442
0.0
0.5596157879354227
-0.5978370007556233
0.5978370007556233
-0.11778303565638382
-0.08961215868968786
-0.08961215868968786
1.1574527886910442
0.0
0.0
0.0
0.5877866649021186
-0.5596157879354209
-0.4700036292457348
0.08961215868968608
-0.11778303565638559
0.0
1.067840630001358
0.0
0.0
0.25951119548508395
-0.5596157879354227
0.30010459245033694
1.185623665657742
0.30010459245033694
0.8979415932059602
0.0
0.0
0.30010459245033694
0.5596157879354209
0.0
0.5978370007556233
0.16989903679539786
-0.16989903679539786
-0.25951119548508395
-0.08961215868968608
0.5978370007556233
-1.067840630001358
-0.08961215868968608
0.0
1.067840630001358
0.0
0.16989903679539786
-0.5978370007556233
0.8979415932059602
0.25951119548508395
1.067840630001358
0.25951119548508395
-1.1574527886910442
0.0
0.5877866649021186
0.5978370007556233
-0.5877866649021186
-0.8979415932059602
0.16989903679539786
0.30010459245033694
0.0
0.16989903679539786
0.8979415932059602
0.0
1.185623665657742
0.028170876966697733
0.2876820724517817
-0.30010459245033694
0.5596157879354209
0.0
1.067840630001358
0.028170876966697733
1.185623665657742
0.0
-0.028170876966695957
0.0
0.0
-0.5596157879354209
0.5978370007556233
-1.067840630001358
1.067840630001358
-0.30010459245033694
-0.4700036292457348
0.5978370007556233
0.4700036292457348
0.8979415932059602
0.8979415932059602
0.11778303565638559
0.0
0.11778303565638382
0.0
0.0
-0.16989903679539786
-0.08961215868968608
-0.11778303565638559
1.1574527886910442
1.1574527886910442
-0.25951119548508395
0.4700036292457348
1.1574527886910442
1.1574527886910442
-0.5978370007556233
-0.16989903679539786
0.30010459245033694
0.30010459245033694
-0.028170876966695957
0.0
-0.25951119548508395
-0.08961215868968786
-0.5596157879354227
0.2595111954850857
-0.11778303565638382
-0.4700036292457348
-0.16989903679539786
-0.5978370007556233
0.5877866649021186
0.08961215868968786
0.30010459245033694
-0.5978370007556233
0.8979415932059602
0.08961215868968608
-0.11778303565638559
0.8979415932059602
0.5596157879354209
-0.08961215868968608
0.2595111954850857
-0.25951119548508395
-0.16989903679539786
0.0
0.8979415932059602
0.25951119548508395
-0.5978370007556233
-0.30010459245033694
0.30010459245033694
0.28768207245178345
-0.08961215868968608
0.25951119548508395
0.0
0.028170876966695957
-0.11778303565638382
0.30010459245033694
0.4700036292457348
0.28768207245178345
0.8979415932059602
0.4700036292457348
0.5978370007556233
-0.25951119548508395
0.0
0.11778303565638382
0.2595111954850857
0.5877866649021186
0.5978370007556233
0.30010459245033694
0.0
0.5978370007556233
0.4700036292457348
1.1574527886910442
0.5978370007556233
0.0
0.0
0.0
0.5596157879354209
-0.11778303565638559
-0.28768207245178345
0.0
0.08961215868968786
0.4700036292457348
0.5596157879354209
0.5978370007556233
0.028170876966697733
-0.08961215868968608
-0.2595111954850857
0.5877866649021186
-0.28768207245178345
0.5596157879354209
0.0
0.0
-0.11778303565638559
0.2595111954850857
-1.1574527886910442
0.30010459245033694
0.11778303565638382
-0.2595111954850857
0.0
0.11778303565638382
0.0
-0.08961215868968608
0.0
0.28768207245178345
0.2595111954850857
0.0
-0.08961215868968608
0.0
0.16989903679539786
0.0
0.4700036292457348
0.0
1.185623665657742
1.1574527886910442
0.4700036292457348
-1.067840630001358
0.08961215868968608
0.30010459245033694
-0.28768207245178345
0.16989903679539786
1.185623665657742
0.5596157879354209
0.16989903679539786
-0.30010459245033694
1.067840630001358
0.08961215868968786
0.5978370007556233
1.185623665657742
0.0
0.4700036292457348
-0.08961215868968608
-0.16989903679539786
1.1574527886910442
0.0
0.5877866649021186
-1.185623665657742
0.5877866649021186
-0.4700036292457348
0.11778303565638382
0.0
0.0
1.067840630001358
-0.08961215868968608
0.5978370007556233
0.5596157879354227
0.0
-0.2876820724517817
0.0
1.185623665657742
0.5877866649021186
-0.16989903679539786
0.0
0.0
1.1574527886910442
0.2876820724517817
0.028170876966695957
0.0
0.2876820724517817
0.0
-0.5596157879354227
0.0
1.1574527886910442
0.0
0.16989903679539786
0.2595111954850857
0.5596157879354209
-0.5978370007556233
0.028170876966695957
-0.08961215868968786
0.8979415932059602
-0.4700036292457348
-0.30010459245033694
0.4700036292457348
0.0
0.4700036292457348
0.0
0.0
0.30010459245033694
0.5596157879354227
0.16989903679539786
0.08961215868968786
-0.25951119548508395
-0.5596157879354209
0.0
1.067840630001358
0.0
0.11778303565638559
-0.25951119548508395
0.5596157879354227
1.1574527886910442
0.2595111954850857
-1.1574527886910442
0.0
0.30010459245033694
0.5877866649021186
-0.30010459245033694
1.1574527886910442
-0.028170876966695957
0.0
0.0
0.0
0.8979415932059602
-0.8979415932059602
0.0
0.0
-0.4700036292457348
-0.2595111954850857
-0.25951119548508395
0.8979415932059602
1.067840630001358
0.16989903679539786
-0.30010459245033694
0.4700036292457348
0.16989903679539786
0.5877866649021186
0.5978370007556233
-0.16989903679539786
0.028170876966697733
0.2595111954850857
0.0
1.185623665657742
0.8979415932059602
0.0
0.0
0.0
0.16989903679539786
-0.30010459245033694
0.28768207245178345
1.1574527886910442
0.5978370007556233
1.1574527886910442
0.4700036292457348
-0.2595111954850857
0.0
0.0
1.1574527886910442
-0.25951119548508395
0.8979415932059602
-0.28768207245178345
0.0
-0.08961215868968608
0.25951119548508395
0.16989903679539786
0.16989903679539786
0.028170876966697733
-0.028170876966695957
0.0
-0.08961215868968608
-0.028170876966695957
-0.5877866649021186
0.30010459245033694
-0.5596157879354227
-1.1574527886910442
1.1574527886910442
0.028170876966697733
0.0
0.0
0.5978370007556233
0.0
-0.2876820724517817
0.11778303565638382
0.2876820724517817
0.16989903679539786
0.25951119548508395
0.5877866649021186
-0.5877866649021186
0.8979415932059602
-0.28768207245178345
0.0
0.25951119548508395
0.08961215868968608
0.5978370007556233
-0.25951119548508395
0.30010459245033694
0.028170876966697733
0.0
1.067840630001358
-0.5596157879354209
0.30010459245033694
1.185623665657742
0.0
0.5978370007556233
0.0
0.8979415932059602
-0.028170876966697733
-0.8979415932059602
-0.11778303565638382
-0.11778303565638382
-0.08961215868968608
1.185623665657742
-0.028170876966695957
1.067840630001358
0.2595111954850857
0.11778303565638559
1.1574527886910442
-0.08961215868968608
0.16989903679539786
0.08961215868968608
0.0
-0.028170876966697733
0.0
0.2876820724517817
0.2876820724517817
-0.8979415932059602
1.1574527886910442
0.4700036292457348
0.11778303565638559
1.185623665657742
0.0
0.4700036292457348
0.4700036292457348
-0.28768207245178345
0.16989903679539786
0.30010459245033694
-0.08961215868968608
0.028170876966695957
-0.08961215868968608
0.25951119548508395
0.5978370007556233
0.0
-1.1574527886910442
0.0
0.08961215868968608
0.16989903679539786
0.0
1.067840630001358
0.0
-1.067840630001358
0.0
0.25951119548508395
0.28768207245178345
-0.2595111954850857
0.25951119548508395
-0.16989903679539786
0.0
0.0
-1.1574527886910442
-0.028170876966695957
-0.25951119548508395
0.28768207245178345
0.2595111954850857
0.08961215868968786
0.11778303565638559
0.5596157879354227
0.4700036292457348
-0.08961215868968608
0.16989903679539786
0.11778303565638382
-0.16989903679539786
0.5596157879354227
-0.30010459245033694
-0.28768207245178345
0.0
0.16989903679539786
-0.16989903679539786
-0.028170876966695957
0.0
-0.28768207245178345
0.08961215868968608
1.067840630001358
-1.1574527886910442
0.0
0.0
-0.16989903679539786
-0.5978370007556233
0.0
0.2595111954850857
0.2876820724517817
-0.028170876966697733
0.028170876966695957
0.0
1.185623665657742
-0.25951119548508395
0.5596157879354209
0.30010459245033694
-0.30010459245033694
0.4700036292457348
0.0
0.028170876966695957
0.5978370007556233
1.1574527886910442
0.0
0.028170876966695957
0.30010459245033694
0.0
0.08961215868968608
0.30010459245033694
0.0
0.16989903679539786
0.0
0.0
0.08961215868968608
0.0
0.5978370007556233
0.0
0.8979415932059602
0.08961215868968608
0.0
0.0
0.0
0.0
0.0
0.8979415932059602
-0.30010459245033694
1.1574527886910442
1.185623665657742
0.4700036292457348
1.1574527886910442
0.0
-0.16989903679539786
0.08961215868968608
0.2876820724517817
0.0
0.0
-0.28768207245178345
0.16989903679539786
0.08961215868968608
0.8979415932059602
0.8979415932059602
0.0
0.0
0.16989903679539786
0.30010459245033694
0.08961215868968608
0.0
0.4700036292457348
-0.11778303565638382
-0.08961215868968608
0.0
0.5877866649021186
0.30010459245033694
0.16989903679539786
0.0
0.0
-0.5877866649021186
0.0
0.0
0.2876820724517817
0.11778303565638382
0.2595111954850857
0.0
-0.8979415932059602
0.30010459245033694
-0.5596157879354209
0.0
0.0
0.30010459245033694
0.0
-0.25951119548508395
-1.067840630001358
0.4700036292457348
0.0
0.08961215868968608
0.0
0.0
0.2876820724517817
0.0
0.0
0.30010459245033694
0.0
0.16989903679539786
0.08961215868968786
-0.8979415932059602
0.2595111954850857
0.0
0.0
0.5596157879354227
-0.5978370007556233
-0.11778303565638382
1.1574527886910442
0.30010459245033694
0.0
0.5596157879354209
0.0
-0.28768207245178345
-0.30010459245033694
0.25951119548508395
-0.5978370007556233
0.0
0.28768207245178345
0.2595111954850857
-0.08961215868968608
-1.067840630001358
0.16989903679539786
0.30010459245033694
1.1574527886910442
0.30010459245033694
0.5596157879354209
0.08961215868968608
0.5978370007556233
0.30010459245033694
-0.5596157879354209
0.0
0.0
0.0
0.5877866649021186
0.0
0.25951119548508395
-0.5596157879354209
-0.5596157879354227
0.08961215868968608
0.0
0.25951119548508395
-0.28768207245178345
0.30010459245033694
0.0
0.0
0.0
0.5978370007556233
-0.16989903679539786
-0.16989903679539786
-0.08961215868968608
1.067840630001358
-0.4700036292457348
-0.16989903679539786
0.5978370007556233
0.0
0.5596157879354227
0.0
0.5978370007556233
-0.08961215868968608
-0.16989903679539786
1.185623665657742
0.25951119548508395
0.2595111954850857
-0.30010459245033694
0.2595111954850857
0.028170876966695957
1.1574527886910442
0.0
