0.5711947432785962
2.3518546149906854
1.296216084172812
4.903746282050605
5.925471945418309
1.440873909633254
2.6920739497490445
1.8800441123168241
5.471374788407019
-0.13307512192182003
-0.012719444169732697
2.179869592127659
6.405180670292225
0.46512683697196167
-1.8454307828883998
0.9363146950663577
1.1045796236375054
-1.4484203452652196
3.2341520001368735
-0.8247034831334759
0.2737301462653363
-0.04086920452326126
-0.09868189891713541
-0.3853990016998523
1.2130069931328649
0.5189631593090667
1.3779090336963122
-0.13358973670284513
0.6904854814426642
0.5166404470710972
0.25900902710685614
2.0281467693816637
0.24278118276910732
0.34361966822052636
-0.3241467457367264
-0.017062053655820364
0.342652238952013
2.141354082744243
0.039016894361623145
6.377973216322914
1.9991231488706376
0.09907164473136731
-0.2072332643408572
1.3186297982429664
0.41403176496700667
1.786887818857906
9.198788759756042
-0.9655537116127277
2.2995527525189345
0.5060466901771861
0.5089536047090633
-0.7546727100088333
1.2330371825512714
-0.46265585706677825
-0.04179419902851578
5.336490226164102
0.2586117407072095
-2.2926586393679145
0.05882373581619049
3.1312364734721427
8.602152960346046
-1.2647204401179692
2.712856966237382
0.806593468239214
-0.1782122351456792
-0.16622467118943973
2.364891899425402
0.04656356736668954
-2.386322024399078
-0.4743189013616984
1.616109240509303
0.2269894030623334
3.187988854131163
0.5306458381880361
3.9789624090095117
1.5196358208704908
0.7280829092577221
4.825951538445821
0.4389170605175252
4.444309651030977
0.1766390165627172
-1.4889329386211614
-0.39998162400175374
1.6399796773885384
0.566230690898692
0.40580815032697615
-0.1137692172972038
-0.6528627940740535
0.38115382087349303
-1.4025629283765966
0.5665700617158791
0.5210149494363066
-0.7753379827360618
-0.29048667294347297
2.0776389694788406
3.761095914796215
0.7028641696675777
0.6498618673882959
0.252049340862186
0.05163633660635014
8.109601911735155
-0.3732967873024222
-1.8880059394057014
3.93926387139652
0.129029832272181
0.9901414680680034
-0.9081021839149628
3.9269693462438227
0.06831895336637217
1.3518683095681183
0.3026230185786005
4.498883221899888
0.46639307966106003
-0.2718270203647819
1.3608648920291557
-0.13145901603672883
0.7997868635712564
-1.6418937738563386
0.817620841118611
-0.4179252782791991
0.3074433795058553
0.44807675833436633
-0.6191178407410689
-0.06526885988446907
-0.32516165651315987
-0.16102459489397347
4.298436903945088
0.10379958593136962
-2.4909932561901655
6.765261703662048
0.18737831338236788
0.6334471643242239
1.4761049269978912
0.9032007632924035
1.1068280837549054
1.850250184557268
0.7898295617808913
0.4310180357048239
6.843010796041824
0.9650884181014305
-0.4745715747867507
3.5886435409732655
0.4757755800021073
-0.16734425670520636
-1.065986876546333
2.337456174145842
-1.8163497936194801
0.09743465197894352
4.508856289018752
2.9244928202622873
2.0640839834105975
-0.15914503559676518
2.975978331985658
0.11790517865856032
-0.8142010018656833
-0.22480840835885374
0.0071311962820459485
1.4887833573877458
0.665361965271984
7.512388806185356
5.201142302613135
-0.014024391187604124
-0.12335939556899689
-0.5483064453126474
1.7112087544721817
-0.7235504557870058
6.4913098240221245
3.0484037053376767
0.2930477528514075
-0.13047605373171223
4.085995340434209
0.23416705985619046
2.015687826808403
2.063165279445741
0.3157299354428744
0.7854392786434801
2.834801609910727
2.687511478548828
-0.3562454504863126
0.4038925250399359
0.30945436455459685
-0.2755442650683335
0.6037945283063948
7.01641153643601
0.9869965366607119
-1.2218781420293396
0.5005462079622021
-0.0503318236392829
2.2950585779576045
2.6662980821496376
0.24868073760805487
1.242894277493491
4.265768817076918
0.4691981611689755
-0.31925919919527246
0.7726466586031222
7.544860021488205
-2.643082186512231
1.7144636883538737
1.390415427963319
0.9856110509164466
0.38973637673154826
-0.13358973670290197
-1.145330076249735
0.5403954276523564
1.4411368035477494
-1.1771492285278669
2.1280524696957457
0.9916435950977984
3.889817080612545
0.17277748842118967
-1.280010512021363
5.07828569840251
6.319816776810825
0.5491636387766619
6.1160997122081255
0.34312890963096265
3.9035258397241535
-1.2216135705421607
-1.3956263419835864
2.2233578807547474
7.737905541645063
0.6179894796832173
1.167166309126884
0.25469691418717844
1.0635038820242642
3.744554757378637
0.8942854523555468
2.897859745877895
-0.28774041653011295
-0.7419916543185252
0.2687937048678464
2.115100406628244
-0.1270153123205091
0.5271599265132068
-0.878120918711943
-0.2955631941076149
0.6093267205926622
0.8491421477140761
0.3805771600761716
4.328796763909139
-1.306546711929883
0.5897322301971997
1.1395921002036573
4.351371655371679
8.698532087339345
0.27885161524142177
-0.5759625637968497
8.646239292618645
-0.4816097086147124
3.3437031121109726
4.136132147978543
1.265554712224798
0.3841549814241034
1.9184397949087781
-0.4219374319945359
-1.3378287801898523
0.5274863102258678
1.6053923882827519
4.6653522956868585
0.6062137695781473
0.1761977021622272
0.7302730733913734
2.3303386699399766
3.3698762889300724
-0.07615164288853293
1.1119028003497817
6.028429755480801
3.706426576629667
0.3969318625963183
-0.5863638384150818
-0.35216554226911967
0.37992535229861346
5.812775513418927
1.3914122317634394
2.5224184413414434
7.805256731335902
2.7955958275903754
0.30972909478671795
0.15739611126315367
-0.2954022168613619
0.7080631050090176
0.6679469749479665
-0.11113699645662223
0.0661429412197947
-0.23935842966881182
-0.12570237517587657
4.071693418104985
-0.9577822274334267
-0.23475095242380917
1.4787003975826565
0.4470167993515588
-0.25401699195549554
2.1332479456590363
1.4214280453634842
-1.323324758366084
-0.11746974706403535
-0.7243532518328948
-0.8391093124279507
1.7590522726235918
0.5787900941625139
9.631990622835787
10.047459303955208
4.747102895043156
4.636709538807338
-0.2549067240526597
0.07108705600111875
0.2751470510555407
0.32039264588149763
1.0277890222995438
0.5546868194327601
0.8360580913266915
-0.505789155434087
2.3078840541083423
-0.3867569870387797
0.4857047762108664
1.2803324746066096
1.4899269677171958
-0.6601897672359485
1.4184828130874223
0.30602563566188223
3.0457518143362847
0.3446607845804408
0.24303887159874193
1.2706384894758287
2.0191711197587097
-3.1677279610795495
2.276177892996145
-0.4046447175078072
0.819942451997548
0.18600971050898352
-0.9688466064015984
-0.44218209428353816
0.20124709280062802
-0.006809978439605402
1.6274379675292607
3.149135828900114
0.24979814427837255
0.21440421650933672
-0.2683875332006096
0.7112824882530617
2.4001844492154873
0.6586482623956726
1.8784735049767392
5.64577932513879
3.768330274093387
-0.17036555818191346
8.119353902990213
0.08725211847459491
-0.7784020180143045
1.0608118464682263
0.3017159390040547
-0.17361299587128087
0.23000430159686402
1.8760833976623985
1.2122728274453323
3.2511957885510583
2.528856535144712
0.4262414822416929
1.1683827126629183
0.3429883169252719
4.79093425911617
-0.25898282229238134
0.5380157911163792
-0.28630336203204365
2.173265777178642
2.6916079957445618
0.6759807367485848
4.378316351685697
8.709269000631366
8.338760206890072
-0.6322647551174896
0.4673222275354192
-0.6304095454225944
0.947764611274323
4.567411848164966
0.7121694740400244
0.1047773045988265
0.04542500174864017
0.49274451549808873
3.3742500932241057
0.3073173402048326
-0.0030533707120525833
0.07358548969867229
0.5977628133163932
3.510099332386204
-0.40609622500156206
3.394296632191754
0.055085872311906314
-0.6733434330240868
0.5247251487844835
-0.40343374251972364
1.0117768555595035
1.3288706543977185
-0.2638189175677894
-1.3016761466404034
-0.22199054641407656
5.4212250047215775
0.36152553892642914
0.4976435812351383
1.4687647209049146
-1.1431266232833082
0.4396061554762696
0.32680756244644726
-0.822037878892445
0.13830967787367854
0.5113313813995717
2.13957564275276
-2.2749974270863618
-0.5595138891061993
-1.3800900725244958
0.002320443862117827
-2.3638491685469774
0.39978676703225347
0.5930033187840706
0.21223200883144955
0.14684932736091127
-0.12947666028443905
0.9318136292165775
3.3479451142300434
-0.4612950683230963
3.904196758436882
2.99395765361092
5.8303271881243575
-0.20226592690301004
-0.4328155944745333
0.1841134280184633
2.099131098687394
-0.04278461800390687
2.8165463900029124
-0.9614354561697382
0.8198852320810204
1.4528905564436627
-1.0548160687089307
2.4220354461668308
-0.22717850664636785
-1.0380139944962536
5.510916205955226
-1.3780496580553176
1.583699385145792
-0.5737302551661401
1.2428842950147043
-1.5270847045854907
0.37221851878851453
-0.18952707729653184
-0.8203112723138872
-0.9653454017226011
2.838727360272003
1.1221972135358271
0.5590603883527763
0.39339126645941747
-0.3102814103280309
-0.22209169168996823
0.2833970879962635
-1.9031076405512692
0.39299563540623694
0.9586204525806181
1.294945435971357
0.9355614417013101
0.07498703162397646
-1.1804600965002976
6.326954122858325
0.9176928290052615
0.3791674253823203
4.69776623300055
2.9480095295633646
2.2056084726112033
-0.28091722072065295
7.880302568641383
-0.4873534704341296
0.15829402260257552
-1.503282247865144
2.204187384613107
3.103793403610524
6.110941197294295
0.32551823824815074
0.4701204314362144
-0.28261516823056354
1.5069235692131997
-0.3622501160179752
0.14778888822485214
0.06141874079892773
-0.2663891213644831
0.8680793487338008
-0.3894105745688421
4.5396478259642095
-1.2683438387666968
7.114399098865022
6.573206100345033
-0.155125189006327
0.10937631380818402
1.8012123116919554
4.477366389065196
2.874013699293272
0.7397627086959915
-2.347885229985792
0.37717068453551406
0.04299949806932091
1.4151176426492498
-0.08020736606314927
0.7877126196206632
2.455254223178571
0.8961383198842157
6.575560039570462
0.07119239704212532
4.539905714663007
-0.7372838302125615
-0.3323496065707161
1.9880018714110577
-0.9549285196795836
7.16914428255879
-0.1473281374526607
2.475515495255223
0.9467011946589423
0.7967428151634692
1.5150155718563951
0.5669635601143455
-0.007965030933974049
1.1151188942968417
5.7959184541629725
-0.2562301207090627
0.8304420840525211
1.592807997295182
-0.8287864928846318
5.196481190241229
0.4305929832185029
0.4133397334369704
0.899310317269908
1.7896780061936397
-0.27995643493963485
-0.04069694122156875
0.05404089362571085
1.4652210693590177
0.04958419904627931
9.198307874918669
5.07378373672978
0.2237376402735265
0.6286030839642365
0.997098908212962
-1.429409338710883
3.7376886461660206
-0.2359337883508772
0.41570380073181923
2.482344301916214
0.21700499820940422
-0.13693764240133532
2.1002479569533534
-1.8568803061614005
4.881397119686227
0.38850275820453817
4.015883019826958
0.4729504802072029
0.4253085813801363
0.4662970824730337
-0.032184784343513684
-1.3239824367850304
2.7415268334685265
0.008742800176378296
0.6284377816080564
-1.5289768532322228
2.9100610341005932
1.490416186900859
1.0647296838662328
2.2337578419341924
-1.171560222634298
0.343606880713196
0.21696921429651184
-0.3272841883289175
1.7214697561670675
4.760738606401162
0.6840391642017778
2.78127284205317
0.4225338349775143
2.417003791803097
2.3053090568978973
-0.17203802948873204
0.06490690457727055
1.5583006211893462
4.483954009115308
4.129774187571229
0.4393495729512722
0.796900770307758
-0.7499259506281817
0.24118168240840987
0.3142588872053125
0.1346843975245804
0.0032744455846511755
-0.013923882327503634
0.2355255242689509
0.2713193254874966
3.2896358908406853
-0.9145103125973151
0.08386138383605157
0.11767511662293373
2.0898322215368808
-0.9361990585641422
0.47560208705701257
4.022814998055935
0.05057540620259715
0.09564414120509923
0.5656488842379304
0.08970767119080847
4.108333856333388
0.5620056117975878
0.42792158254314927
1.0611045088144238
0.2970077450444819
9.411503115579706
0.35818071175259547
4.425960512362792
2.3643962643716634
0.6945411854562735
-0.18852675101970817
0.6336604373471744
1.0704358362433197
1.1940075609327323
0.5027659926176682
0.6975706746188166
0.5419582550554196
0.4101577668505456
1.5628372767889402
1.7247361028384205
-0.5549472258688866
4.439536372278326
0.21297272944264023
2.2882441649815632
-0.9722029923551645
2.20241174275651
3.3836556215780433
-0.5711739220059826
-1.0698551473143425
4.4283093096845505
1.5667635695692184
0.7142628334834455
1.0393329376169902
0.6782406810517614
-0.39237738161463653
-0.40439698924862455
0.8304608707560419
0.5618398767976487
1.917282138104241
-0.19095101571215878
1.4997696746936242
0.465278541206402
1.4205937780729698
1.6496961956366363
1.7056271065534077
0.8855186223989904
2.5025470092337514
0.19371461417742353
0.30785888464529876
0.1122340057989959
0.9322985952784393
-0.3519810978968678
1.519657041254817
3.877679186096202
2.820816881127854
7.853444858978463
-1.3457857610904114
-0.050291526498341454
-0.22424483362178194
0.031129529528470812
0.1282236619146886
1.1632259700786562
-0.17470204912331155
2.9389275253705023
-0.16942740558997116
2.7943836240597477
0.21706994169849736
-1.5955915659479558
0.4350568620101569
0.35453278634329877
0.3161421907584554
0.33500432965058735
-0.46289695560054156
4.221996923318471
-0.18326825698463267
0.001633889737405525
3.269890077899845
0.2850870524071354
2.4845046366640986
0.30954464698837114
1.3843203064524516
3.9059209489965383
8.928974941135124
1.0360392897142958
3.2430291297736744
0.07710977509381678
2.0588778609200062
0.26572238419890937
-2.059322824788552
2.806021328139934
2.2037013578721485
1.324606608217124
-0.2478981780037941
-0.5640377753015855
7.892783229865017
0.22567203705719407
0.8024625219757127
1.6657147681032711
3.5128074749532345
0.5018271475366873
-1.0245525129599287
-0.8772533099558188
0.007482749954505152
1.7674840411749813
6.2950934789093935
1.2781587424874772
0.7241401751227272
-0.5288105344556584
1.5039722351226317
0.27406623359783566
0.5227247282296048
-0.3185181867993947
-0.6986391982443649
0.29779880547579296
5.90789194431153
0.6819074114993953
2.263317320167971
-1.3169435207888966
-0.01415891577067896
-0.8462580084135709
0.8454258413303535
0.7960237167082198
1.491557284270442
1.7944741784571079
0.883164934246679
0.3485582783121117
0.021814516135236772
0.8917931887564805
0.5034997540265636
0.9848235319485639
4.441657289534476
1.0049783116238018
7.4722831807281125
-0.6446984360027841
1.2801444922764063
0.2735676052210749
-0.4853551129795335
0.5709575167538503
0.15414246058230674
-0.17798955257100602
1.489016606546386
3.1375682287025626
-0.48930531604148086
6.345071780128535
0.6544253974283265
4.264258242771575
0.3773978266817437
0.24797491532601157
-1.3447832586923312
-0.11103891118096954
0.6538654760149996
0.3227845348619951
6.092660536963734
0.2769701838155072
3.599281939178354
-1.6793134820636055
-0.8281316596996078
1.3962281978720341
0.4210371467071923
1.0731828195773687
-0.45785308200368036
0.947396136924084
0.16106290342688112
0.9249741501421624
6.991513846566363
1.0130177049792337
2.833604337213046
1.5364740477422743
0.10144249066095767
0.8584648694510406
-0.17745279895939348
3.3059698280765133
0.4746710435927355
0.25413080193612814
-0.33962222977478973
4.634040488266876
0.7457342838056888
-0.09956026895596892
0.39430735288812
-1.0592380709478846
-0.2533439118361116
4.945415572109027
0.3073732225296055
-0.0703394982286909
-1.175292955132619
1.042554759164858
1.115719545016674
2.9956169614837336
8.112598991086486
-1.879865860103962
7.354419340255674
1.7172445205074496
1.6235277499490621
4.1341827178559925
0.5321331952623609
0.5713474725275205
0.7287509288625813
0.001394004896297929
10.535812071869145
0.5667504320274475
-0.49412152865784265
0.5371914005740734
-1.5077838449125238
2.6328528369348305
0.6850424100015857
-0.13079988412835064
-0.3238680717710736
1.6664063934001376
-0.5624118524744972
-1.6702422359618367
-1.0008756587313314
5.746572841643058
-0.16262568551897516
0.6197605722558137
0.5216711085306542
0.32097607980250586
4.582325051850091
-0.13435372943311563
0.6458513300113964
-0.009848065943060647
-0.3883663384710303
4.151733101346622
-0.8730415018886504
1.094275540691001
1.6790730838308718
0.018492423097484334
-1.099236870074236
5.033912846859522
-0.3903132169101582
0.09980808188552714
-0.9071828670080038
1.0075194479773302
0.010354009593839919
5.309809875548268
-0.6592677578542805
0.11406907658047771
1.0200753488083478
-0.08379804141770819
2.359578091233118
2.570282424229106
2.9442934859876573
-0.08369716232306246
-0.7638837127168472
0.4258840935812316
1.5475756361735762
1.5684146270797328
0.5653152083328905
0.7787556843846346
3.606690041604793
0.35544784746909386
0.7022239027475052
-0.46348431150755687
0.1158812705615162
-0.9712971743236665
-1.4364892272167538
-0.12892066601318675
-0.5804017063119318
1.3027240355423402
0.16602481532098068
6.9218406472902245
-0.6012104124473012
-0.5980167024669356
-0.8207632739137694
0.6765892742905066
-0.18928277168276963
0.14469883118340476
9.143438664672857
4.2088173949116765
4.425817025025282
0.5081230600914353
2.7845310605709415
3.6219902695042663
1.5812200827640197
6.90555976168605
1.3619691569231804
6.850254916495402
-2.5138441774768694
-0.6406627959812852
0.6568866154184718
-0.46087965887215887
0.8293748673856669
-0.3530888166376087
1.504956411091257
6.253715460483704
3.285899466383597
-2.5369363297673715
3.643807704561283
-2.048676723077506
0.8341941538216133
1.5808420823815084
2.058676829081037
1.1675872731406685
-0.04447809021542071
0.33239334145878274
2.168354642835311
7.199938337892888
1.5034461201735212
0.9046498943966981
5.021704158165477
1.055102845592586
0.26135686758843235
0.8511101376250849
0.7203579901359092
-0.974543651940877
2.9058666631096344
0.15176004527467057
-0.5775398554282845
2.8494101310201074
-0.28701283084427587
1.5368472312211452
3.923838225201706
6.1575359709002555
-0.018459037492903008
0.22993879768601744
3.8122292001292237
2.192392080929892
0.34313547476367035
-0.36550282803634104
2.2951957043740094
-1.0060825922751064
1.778102989302198
0.9097559946920626
5.072918310453332
1.0240973399475308
0.35891405544555255
1.1166140299640972
-0.40522556621868944
-0.6173894573419716
1.6889106029403536
4.436529463711992
2.346949931476729
0.5328579476278321
3.1444008954061076
0.376359524131999
0.6042434943873047
-0.893534195559937
1.2556589170758912
-0.03359698520742427
0.14036461586601945
5.445125389966279
-0.10799947658003362
5.987993182352497
-0.31070691752947255
1.5071324960559593
3.752670850770329
-0.8324692392846202
1.966154735970406
2.489361184943135
5.239966302181017
1.2395957077532387
1.3587512373222523
1.732408113510786
3.678655779684277
-0.5229801133642411
8.274200477069598
3.3260035350115515
1.722592276466628
0.2439863567907139
0.6032839548925892
-0.15142621371307996
0.7907350309566823
0.1534564734501771
1.5250012504471897
-1.833995406037758
0.4188379653136849
3.0546655278649553
-0.10410426299196729
1.637599063633246
-0.5028576569700931
0.022240248608426327
-0.9783871141852671
1.1516859253726182
0.9113156153277089
0.3145821644357625
4.8040942105453155
2.5738599655864505
-1.0300518323211918
-0.5851707574856277
1.386029855440853
0.09453005778078705
1.6265026993788467
0.35315442637312344
-2.3509939105815647
-0.13043626978242173
0.6657917721702802
-0.05574905486486159
0.6816584933451395
-0.3167504770237315
0.5904476121355344
5.130903450130461
0.44996584197221523
1.0594986072115375
3.467063756830129
-0.7217637142459523
0.049517691746103765
1.0750659483598497
2.5810194541071496
-0.010137338466506662
