0.6939969553449146
-0.4643275904817301
7.559607345077154
8.281600060038159
-0.1658243726640194
-0.040433286177744776
0.045508774268114394
6.9229846391799015
-0.2489624899807268
3.5086562590422545
5.377203014047666
-2.025047626229309
-0.339541955316804
1.3719995372615585
8.036477088320737
10.79764960562568
3.5676821917476786
6.1182092749960475
0.02825173821622684
1.6973848337560185
1.8273655671953293
1.1962631122853509
1.069973178972532
1.7243302110265404
0.8194596634017444
2.083714918218618
0.4549708579407934
4.207475424641984
1.2500353195840717
0.6974057229091386
3.546543778623004
0.3377688854599228
3.0784162180635803
-0.9559073581452822
1.2954240498391982
0.9225817012041944
0.2235033489844227
0.3920406759234538
4.693311306012788
0.060058933016534866
1.296651804176463
0.009763230746102636
0.5009410219477104
0.49791666878070373
0.34747299633932016
0.5035066052845423
2.4877820624644187
4.486902185832037
1.834339062519689
-1.4092892760192512
1.9008555323021028
1.8157362395098744
1.5812600675708381
-1.063809355247372
0.11421470866719119
1.0678687539980274
0.19591991384794483
-0.8937466756746062
-0.2979824552523951
-1.8368372730948295
-0.44172589346794666
0.5476499325686746
2.216322824794929
4.144490937828948
-1.4631012040871951
3.929492652361887
5.957883080043814
0.6859577361402671
0.3399305333440452
3.196759438811398
0.03917118770550587
0.8007541575558434
0.7302291229825641
0.8690043951453958
0.3717244296743729
0.22419275161212227
1.1457965565017503
-0.6758014765927101
0.9091593712061581
6.641455563887462
1.229478292954127
-2.917292728929624
-2.8037059343661213
1.3059346917528956
0.17852591803546147
-0.9664630193910853
0.3000031343265164
-1.8217983292257713
1.0773354918812856
1.5230388133890074
-1.0189056307209512
11.463602321583153
0.8963336023407464
-1.1717109322341912
1.1938828610383325
0.0560120595458784
2.5178031951061257
0.4669357353398027
0.19462520199067512
3.894028168103091
1.736897236873574
11.163315894420123
-1.3643161700990731
-0.06657110413573264
7.904811030730116
-0.530228601769295
1.162359834785775
2.175226570468567
2.2411138443868026
-0.14918338255699837
-0.8694725735906559
0.8545540734909309
0.8556841542940674
-0.24054974762066195
3.703588314928652
0.35966614764765836
2.877568501023518
2.5723927346697337
0.893216163948523
-0.5823423626106887
1.4500209079029105
-1.7054981570569225
3.504777974698925
4.578796961208525
0.6447788076544612
1.383255370048687
-2.649190517381612
-0.3039073119822433
0.4234993129500708
-1.9449432589174194
2.1290238504092827
0.475158067746861
7.381970993228322
-2.581699970875661
0.30730657705828435
1.6921365352646944
1.7355035203091802
0.2020813129408907
0.47020507736465333
1.3666305171543627
2.5803279703544604
0.3593570391058165
1.142872305426522
1.600348013951475
1.378274368776431
-0.047988586312612824
-0.8124612827182318
1.3515763949211532
1.6860615527899654
0.8279206423077312
-0.3869836832892588
-0.4260237066341688
1.8363511065359717
3.8471481627489084
0.10067647533799118
-0.6706372009115285
0.1488995466833103
1.0108117018816074
-0.19244067817209043
-0.6672770430817536
-1.1943601322130917
-0.15687593734810434
-0.2572157764070653
0.8491047631725905
0.29883456031888045
4.814901236939704
0.5797930361982253
-0.5308402330996387
0.8667388932935864
1.5561765957128841
1.4861049623205531
-0.6488296875714923
1.8533020307562538
-0.6672154312170733
2.0842296106775393
3.7924311092696144
3.29315147109412
-0.16562481639152793
1.2146869872952948
-0.15477878199476436
-0.7755542894482232
0.4818372399396367
6.953263148609949
1.956678093696155
4.105554073793769
1.1501190659959093
-0.04342974497558316
1.78773220998346
0.5538524350341731
0.17910528284267002
-0.17756497841980945
0.33061115005875763
0.31231900671184576
-0.13282343471644253
-1.8716418959684233
-1.490538989897118
2.805390809420601
1.0796401943308638
-0.20234484858133328
5.898981560796699
2.96455335501264
0.7860286918819384
1.3869116184065433
3.3330587295071155
2.042637950976655
-0.3507541215942638
-0.47764213426535207
2.846167017844209
-1.0569686409416477
3.73193639334977
3.3279272760438516
0.026735461449220566
9.119476229791246
4.384665808947375
0.43236334073583294
11.309660770214123
0.09069366260712286
0.47454648712550807
-0.21312682565644536
4.5464277394831925
1.6908479410498103
1.6010082127819487
10.355245151732731
5.6443468815566575
-0.5958583946460294
1.1039533994795647
-0.24567669606994968
-1.4703778583782423
0.5481255453443055
0.40305875494243537
0.8032502604341971
0.43068659962489164
0.4294054406645955
3.127221060553552
0.6871439479849641
-0.23915334867774618
-0.24874772279133595
0.1311545460069965
0.5742751314475072
0.9641424143168251
0.07376198374902287
5.342445526752726
-1.1017131426315245
0.3215473051501476
-0.11794198777022302
3.0110925760445753
1.1509145057818841
0.8284174921820977
1.4929992069320406
0.1961652282138857
6.86279491747996
-0.1429280508911006
-1.3397985752136492
3.5145212958157117
2.083415777212565
2.659858705590068
1.3434764315169332
-1.6160519518417686
-0.2697533163152457
1.233593229041844
0.8814649758968471
1.5741342301791974
0.32331752820584825
5.636873128405398
0.7369598764941543
-0.2599513017604522
-1.2309793335005565
1.0665467231642651
-2.6519894424097856
5.522767844492591
10.38882666428475
0.3910815283759348
0.5648953071232654
2.636094325440922
10.476163234809633
1.1809389108523192
0.25722517739382056
0.46411080264556404
-0.6678473935276088
0.17588061664707766
0.8033053065192917
0.6699793136679091
2.5279173123278724
0.04074605311745927
-0.03363054523822484
0.06052026747204309
3.7783836107112165
4.753663852681768
0.43859171640434624
5.85810064194834
0.6782279372256426
1.1646054742050183
2.657775809588543
3.5780874500583195
0.479307574725226
-0.1938972338016356
0.2143179592441129
0.46332180279352997
0.528540961982344
0.9867336643566205
-0.6204933167053923
0.4716359075765695
2.4970108792138035
2.1665250069752346
2.3711237815302866
1.1908011571442785
-1.8710460050682514
8.12639086006817
0.19929500672071754
-0.4685796258154369
7.844836275658281
-0.07695757472845344
7.5692017029460885
0.1604153981294303
0.05664816774481096
0.08776558215026853
0.307764114243696
2.4126516161359177
0.5419875727139924
-1.821650282775181
3.64861669349267
0.01109547265684796
-0.18237233515117168
-0.23071188262065334
-0.858609292921642
1.1668218148167853
2.1170165915359007
0.47100079240328796
3.6901083136449415
2.821588341625784
1.4709006707853405
2.0733082284200464
0.5296663508455595
-1.6987409660997628
-0.13924740078107334
0.24703175898332574
0.3610321399808072
0.3740601285772982
1.4836313966208081
-0.4239509065020002
1.1690435114624051
6.372654795615347
3.4836134245977632
-0.15776346353550252
1.3701721234658635
2.7134843454950897
0.25120796254407196
2.3858369215801076
9.789625888011642
9.959742075358463
0.06809038587016403
1.0953422401281614
0.31769002914779776
-0.7497768508451372
-1.1057275899231627
10.409660989583244
3.0830291222752066
-0.26927942276699923
2.480548617316458
0.6121407790587909
2.831245906480774
3.0491002675662457
1.2447092658468364
0.034287084224843056
0.3769667715076821
0.9401596757345487
1.407291674587725
4.2448647516997084
-0.4810088382491813
1.192383407016564
0.11530123089266908
0.3393881029850263
0.6044796504411352
0.5970453637910396
5.489380746726624
0.28742623931225353
-0.3716979186626759
-0.18735029640470202
5.602661107156337
-1.3571358101498845
1.532098518075145
6.421137131200112
-1.013084516127151
1.8368914977015152
-0.759194811022212
0.8118650138153498
-1.4896343238984855
-1.634331183061363
1.96255512324052
0.9807145225637441
6.433860801021865
-0.1435798567083566
3.588312577452541
-1.0356924582946476
-0.47500493331006055
-1.1771860214702201
-0.9345978934505865
1.2789587187344296
1.5568315759097686
2.2063296634749463
-0.19570241256144527
0.570509770712647
-2.1144051288264336
6.43802899887055
4.0953273384783415
0.3270205283328096
-0.09214146709166471
0.7768217890314872
6.413167237055404
0.9061060649130468
0.3234613880637198
0.20270662627171987
-0.09489375568205105
7.566138107810161
-0.03453213144405254
5.542670585853216
0.10871894594140485
0.8768612474492556
0.3684269343596043
0.2638494767462589
-0.014294762770077796
0.27557957950386935
10.230089049175888
0.9347949558249411
-0.20303955725387368
-0.7313811420086722
-1.3999250769364835
-0.2669939079770529
8.559175906486018
-0.43945236994738934
0.651031902426098
1.5163644975849593
0.42292927651476475
0.11003353896148838
1.1465754294412136
1.0669744359547622
1.5792867919875562
1.0738345712652517
1.0687149515124474
0.909004573147854
3.1451525183993
7.260733916311551
2.912301431337255
0.5966388726158129
-0.48895451825353575
0.12263640565436162
0.24414423140308372
0.9784908931812879
2.200435286865172
-0.8454798491795827
0.006672512459317659
-0.6496947516642422
1.3320309802637667
0.1491393694650469
4.499289826988502
3.052250425274906
-2.0568161132673595
0.3910120992663906
0.20678262462388375
0.7716386475893842
2.7967026906136425
-0.020390790181750162
0.7036530566343799
4.9905701159591445
0.20732006607977382
1.2774432883303461
-0.28120750648707826
-0.3243876343492502
0.4480366348673215
2.846940574322275
0.8277033585584945
1.4135635648563039
1.8188927237201824
-0.15408929809825622
-0.40386108865334336
8.939869430932106
0.8769133679861625
0.44428965104680174
-3.0185321318258502
1.1030606839645998
2.5025778732295976
-0.5073742688115317
14.59212983639219
2.8378059777085127
3.2606057781637787
3.5496547957972098
2.4416658016646124
2.789898920746964
0.24440070827984073
6.607403629216719
1.9226828930363808
0.04039476059017488
-1.0243033274812205
-0.32999948069812035
6.849771275577041
-0.18821461665908146
7.176610009368062
10.204974233635483
9.414723834291692
0.009462165444006132
0.023016485183916302
0.5553395983866949
1.498682819870055
0.32481345535268247
3.6960300233590715
-1.2803738891537932
0.04226504725920677
0.9584289830261241
-0.8545159233292452
-0.29472899587847223
6.602319413485361
-0.9446054572648563
0.0951685292870934
2.2794725159534437
-0.2921308376539855
7.38778820112725
-0.036004070821377354
-0.26950816868929905
2.2413985092615576
7.10876480163995
-0.17850878495084999
9.363926565289034
-0.7499401996223014
-0.35396709935344006
1.0673883956284271
4.676353428304765
11.193153178338946
3.3992421659380625
1.6589683103995867
2.102648930276132
0.19020882177915155
0.11715520895302234
0.12313641133607689
2.383112878352904
1.6975558670595774
1.957782785401264
0.6516015087911455
0.2856462863685465
7.245389765293112
-1.0951151576679194
3.3186293466968664
1.064339267475816
1.0664489610559258
2.700316928503298
-1.2407560807863547
2.1205503131330943
-0.6505564293807993
-0.898609676505771
0.4144176174373797
0.6009813761487521
0.31973398417244425
4.880880521286315
0.0834712262164885
0.3713917113292382
-0.0019806735428460343
0.5215425527421758
2.50414975410564
-0.4325648708784229
10.707928458911454
-0.4964593618641402
1.8847701819577196
0.3007479438442715
6.925432613951784
2.963641583984895
1.0086793143892692
0.6303783700317354
4.75248097032204
6.480305159613522
2.156175970126469
0.8574252825400208
1.70221386619869
0.11992654331993435
1.1080356246816336
-1.5955437889575705
0.002455940296613335
-0.791124365772589
1.7644888661327514
11.205571511268715
-0.2485240524232495
5.909866976989804
1.2365225094846437
0.23033538825734468
0.5942218893328572
4.5448826226560755
1.8713269296816861
4.5072462799711275
-0.5037085841325393
-0.09831175509657442
4.052863818987703
4.2608854211627545
0.5163848446544534
1.4555420082294859
2.0111032163565596
-0.345557242455925
-0.06739437855821961
0.2365357930964933
0.2506981250747913
0.28583782293264903
4.543262083583954
9.630569723843848
2.6781070394632707
3.715485059740786
3.173034132558996
1.6137252760690899
-0.4581934164099266
0.57486748282588
0.21641153803125235
2.9592383024117908
-0.04239581390265812
-0.16750085138630766
1.0698954784935495
0.8148468271308502
1.6958298262811695
0.4088041844717054
1.6752216561113755
2.415507666340659
-0.29246266550831024
3.4174878519351637
1.0792303659247864
2.2543146766798827
1.7872916679694981
1.3392462771654436
0.07338562455231568
10.766938349582858
6.363435722847612
0.13348023025298517
-0.15382467175231795
0.17219401213492347
2.1610414971219143
6.347304198035204
1.1276134735790038
-0.31740457105672704
0.5384347492139341
-0.4357390115535509
5.7471862447798685
0.6778695547681082
2.7061637047960403
2.48570583524463
0.40164195123952595
1.6365801013272403
0.1161772039014295
1.8596950095971465
2.087524541188486
5.496081943834838
6.734489104538852
3.7959693700253183
0.31477486512415
-0.010626688314232524
0.07666574664392556
3.5296784198603746
11.134909760148787
0.9397797813898592
0.1207206197693722
6.2934386826918285
-0.8284952884837367
-0.17052105513369042
12.484483445806575
1.1027561257153593
0.8809683957811103
2.849576843934358
0.25560368553226454
6.972228834952091
6.989582117846567
0.0801814680806956
2.446462412529172
0.05507639865697911
-0.3503030803360616
1.0354439118542587
4.977891684186488
0.06422732302303302
1.9883544265862838
2.190050043982069
1.1075786652518218
-0.9923296110853244
-0.00970844235939694
0.9338735360113333
0.10065268741868749
0.2893845487086537
-0.24777544924427275
-0.6061207543962155
-0.7274992191897809
0.6057322412674466
1.6283187961140584
0.017857946088838617
2.4767019171592892
0.470932515741481
0.5647366019660467
4.3365975690344385
4.5142438493961095
-1.4493707312047377
0.4271706961739028
6.173874492301707
0.5839767341077504
3.0686117672237287
0.29901011651986664
4.771154434759012
3.812505077086712
3.9461981118782887
1.9111569000231157
0.006987056129787561
0.14062036929379929
2.4000803659516237
0.7739262104582849
-0.3061979862914086
0.42397602138544244
5.663272389923975
3.443919597842978
0.1944952523934944
1.4071948096375309
1.1226712112186306
0.9035279267473015
0.5598221761930517
2.345070304928754
0.46428516415130616
2.863193587405135
10.39330861357729
-0.05708485440095501
2.2227084566674193
-1.1345923478863824
0.8012373815192859
1.6183280047789026
-1.0184266860321713
0.6915904104295123
2.591814785205031
-1.310399240671245
-1.477082595747902
-0.19979264527216856
1.2089040578160848
4.431416347089794
1.3817395626546158
1.0707522096251978
-2.008129228947496
6.699414704424839
0.4858640647929633
0.48818932666409864
-0.9747592609986668
-1.582093065943468
10.859302366824636
0.386328535495295
-4.318903865467519
5.7919478175201675
0.23591492862374253
0.0700755962019457
0.26727812907563475
0.5887415241346616
-0.47025595789511954
6.377869968466371
-3.525026417391018
0.7329081227652523
3.5837354590025825
-0.6742416352589089
5.681030739526932
2.3517893215866934
1.5765255990198739
2.225536331825083
-0.3548080987377489
8.38675715822967
4.56315931195644
6.360940885764194
1.430571356672317
0.5603333967226831
0.43147545806982635
4.241231496994999
-0.5785539523539001
0.327800969073337
1.0920179219199326
0.1320301225912317
-0.39445481313748587
-0.37567137614985313
-0.978559616298412
0.07878181196679179
1.524259137235049
-0.24468291305686307
0.5562133450773672
-0.9034644321253609
5.949264297350908
-0.17569701450213415
0.3262077429603778
4.373392877660081
3.4132899649323463
0.30209094908718725
3.3066761726473715
2.2034414177214785
0.45110977350122994
4.497917988396807
0.6730890918294108
5.093997398117949
0.36593499837397303
0.6530520326374472
1.2052380167149295
0.26692753472150343
0.20989866653349054
2.634222206412801
-0.2528426944563762
2.6861080747319193
0.766658034022953
-0.015009075786906578
1.7015702833078876
0.7394735467344162
0.8223336697651575
-0.41698296333788676
5.590251588509943
-0.7695468293898102
-1.100765624531732
0.29542281627402645
2.10080416835342
0.7368437448311624
2.388451638550464
0.3392200619300638
-0.729172681780824
0.11305133700363967
1.1968002254889143
0.7081408219877403
-0.08287800901086939
-0.7964411874871757
-0.10768221217790597
0.9149992513423513
0.04301177649233523
0.4470922669314632
1.831912455239717
0.39618636210707336
0.03675030026454351
-0.047648288674167816
0.17943286992374397
8.17442926405306
4.011529970769175
5.348473730192609
1.6783014303152868
1.638136267759137
0.34875834623221635
-0.7285650682293863
1.8413274852983932
-0.19988201599380773
-1.069381735257707
-0.4411344463343312
0.4433262947570711
1.8662514875891247
5.682662590853738
1.1440561723576366
0.5361034888358063
0.32763177081540107
3.0804323481370375
-0.9522657437764792
1.1625876083570574
-1.3911991059300135
2.3243209705340178
-1.3117463962402098
2.0508345429583414
0.7065716638691129
1.8012475382540742
10.747503118381871
0.4827772127061962
0.833533481702375
0.30342251057481917
4.412221256532405
0.5991028932995732
1.2898234123528027
1.6245394912502888
13.778295009204214
0.060738707603832154
-0.690807942559104
3.7844853778543666
2.2787020895914907
0.024706534226766053
-0.2345526732713097
0.20034113107271878
0.32481414661583585
2.0919408564939204
0.6146457718480178
1.427647545569016
4.982632091201822
0.6140014543270809
-0.0742766385305913
-1.6759498573156293
1.435603427053593
1.5842037635799215
2.0506070730129977
6.510790568565369
-0.4397850843475908
13.825791810011594
4.619564965581787
12.46100470831982
0.45639500900574603
1.5822102943604932
2.3536629780155636
-0.5507269309169942
4.1121463907875295
0.5350915327868506
1.0188615148157396
4.225948006699923
6.271853182487348
1.5587418360612446
2.2757759797615904
1.3232585240540402
5.340314539535655
0.9007500026434627
-2.61097878644199
9.932751343211066
6.805566162430239
2.0069880104011872
-0.04993402491516008
0.7490810851502374
0.4303185512152936
0.9459885028920212
0.489681180480261
1.3569239597027263
-1.32916951376842
0.3454371244539516
6.8524633298991375
0.2543585921631575
0.2086933495689891
1.8402103553863753
0.49333281216195246
-0.73091264229015
3.1486510470992357
-0.9744346358382927
0.19952025387567573
3.6270741217564364
-0.06945468693311341
-0.7595297696622083
2.3070989979097476
-0.5036556582807634
0.5633830744204715
0.20732090146350401
-0.021907638014283748
2.9794947666388794
-0.16206085871658615
0.23285912543042286
-0.6781091014240701
1.5046298911726126
4.332197264342767
0.26132844515711895
-0.42547112410852606
1.2634338384638681
12.286501032808985
7.567807831375376
6.9835099640527005
2.193642154502186
3.268919418326959
2.3102190110753895
-0.00222320729801595
0.8336329858593672
0.9204975394727626
-1.683359356501228
0.5172130945136928
1.261721220178515
-1.502668685064009
0.024230696921904382
-0.7526198831045576
-0.18574844435875093
1.126520028356481
5.2213085273070305
-2.6795489541553934
0.06493077924960744
1.4236142363454292
0.29836322369874324
-1.4235163747852084
0.5946705650520698
0.5793902654539806
-0.10841810621025161
-0.35552490847572926
1.3125803994754506
-0.16562732861541463
-0.27906830419169637
1.4655671080104753
3.0593124689913793
2.0585036740294527
-0.1643919252123851
-0.4859435015919189
6.601862980799183
4.486289959117244
-0.9194934845066882
4.251015367473883
0.9152096216216705
0.07797160720394913
-1.4653866049817452
-1.552196537406985
0.2689372468048532
3.861798057085025
-0.015884142528648226
-1.3461837877833887
-0.4567148909698062
1.2616114347571283
1.253825497023513
1.0092305412550786
1.0180892617032669
-0.26931519489539824
-0.3666537505977203
11.494382509070988
2.15046353751967
3.8339825073002203
-0.1984167634128653
-2.1458556043058934
1.5669320170314904
0.2511858157390634
0.854346273322335
-0.2211110869050117
0.0912788565258893
2.590727367998795
6.978295005323503
