0.5509697395252715
2.1020124755120833
4.554660359093077
-0.1534780313736519
0.74556564865361
1.2054027189340104
3.333705515929978
0.7648779182557064
0.4490149950693194
1.2862306756212547
0.41503078049981923
-0.47386757328627027
4.132013135383431
4.141347547844134
-0.6954405218014017
0.619958359373868
0.7728343179737749
1.4443250613755936
0.5331980559928979
1.016558664336344
7.732922434936427
-0.20376716856844723
3.3604321103757684
2.8504234998113134
1.7938248478433252
-0.4456069642260445
0.8237207211398072
2.333511548054503
0.902485413776958
1.723372943800996
3.904168189244956
0.3572701438788499
1.9899156609735655
15.845345357935457
-1.4950424705868954
-0.2754967685318661
1.5272080694192027
-0.8235420958446866
0.29325727878836005
-0.5697175669740773
0.7408115408727554
3.3839190795515606
-2.1463813874665902
0.30746825388359866
-0.09353090139074993
-0.7864519523327544
1.391263193128907
0.5188086780090089
1.1810793160104822
2.168711470352264
5.808753342366344
0.3835732472600739
1.2110719594113561
0.7452291044480717
0.15546097220067168
-0.1225652777770847
1.1995232168742405
0.8056408899572034
-1.3711969885221151
0.46317897104245276
1.2275812352913817
3.0386372874434073
-0.43023143692107624
-0.6692624737809183
0.7403932529789472
-1.423277455943662
2.4618041970663853
3.7672389254496466
5.2474161950669895
-1.2632082174341122
0.3958464543156879
0.6104552022784446
0.0982548027741359
1.1774161736207134
3.202448130184166
1.2318012217222076
-0.2932527302377821
1.6160520050279956
-0.011667079599646968
2.775731634342037
6.206429434044594
-0.12204137849016661
-0.7804846952606113
1.5952566503221988
-0.6170645102192793
3.543342137772015
-0.34933307425922067
0.8843681162989014
-0.14081617998499496
5.939408353046929
-0.293781742499732
-0.5131350783065045
3.522696297085986
1.3515927423463836
0.3532175565221678
-0.18631369397508024
0.22845843062123095
-0.7000502296716604
0.26613325176163016
4.394439891088723
3.4187606729001345
5.4042036052512685
1.9929096680325529
5.503887645011218
-1.0537319534998915
16.33441849572864
0.6824467697326781
0.5205674253618326
0.6484285367018856
-1.2902089298313513
-0.16989027733916373
0.5532915628007231
0.6992022806020941
0.35992775457043535
-3.1559718040921325
2.738166932418153
0.35281598820029103
-1.3352823479315248
-0.6940153145133081
0.6356594777389546
0.441618143851656
3.2947457516368104
-0.33727028395855996
-0.6415974571227707
18.645385621217656
13.176234982945289
-0.8395524069076146
1.6539382243940963
1.58892380649786
6.516170426902363
2.7196240483517613
7.559022266197871
0.10018431637990943
8.517675113143923
4.924706965419546
5.344507042796749
6.946509018288225
5.101249441963546
14.16656308312804
1.6693442825596776
2.1375029322239243
-0.2284882568349076
2.718943379583834
0.15013656737619385
-1.0496781202834882
2.954078292872964
4.355941324539572
0.10168668648998391
1.302072710142511
2.0616486448209344
1.8455982050761577
-0.7425932733835907
-0.8372831176063755
4.908577356589831
-2.333207309702175
-0.01408253291492656
-0.8651741554087948
2.3137351856937585
2.6009056808388777
0.9188332758362776
0.13036727406051796
12.851298839625315
-0.07164543238445731
1.513608057197871
-0.07428042017841108
1.7713820564426896
-0.6308591032320692
0.7962408240491641
0.05408920291120012
-0.4133005517883248
-0.3875509674189743
3.873893056843599
11.832168925778205
0.49011873521567395
7.254225430785027
7.582557986645725
-0.425825552281367
2.0678982104186616
0.5676195475118675
1.813910952173046
0.6137075593651389
-1.55354109333598
5.790650625912576
3.309600880280186
5.333594713597449
-0.9144239198335526
0.4364762837615217
-2.0867078994874646
5.740480382352644
-0.13327565132794916
1.117210348280878
-0.232458170533846
3.8176428947874683
4.522951222629899
0.924635588531828
0.0732847651809152
-1.410595341476892
3.2914468509425205
0.37305508077179184
0.2969384390248706
-0.6499919917098396
1.0435475423109892
-0.20910664198277118
-0.4521536344529977
1.2637147255022683
2.337565448778605
3.264289465246293
0.7656903443685223
0.5833313028624616
0.621301674391816
15.481888447724259
0.6625023080644041
0.9963078843611584
2.3579719428330463
5.279147506422078
2.323399339162279
5.963822866374812
0.6237374886356974
2.474249656847178
-0.3628696656373904
0.5930857772359559
-1.5161440401111577
-2.0237250403777125
0.5840475009881629
0.10317302017779184
0.3961928110743429
3.2568065261339143
4.019605205392509
-0.07272287974114988
4.591040701268184
0.7851428581675464
0.1494071751994852
0.09813993403076893
10.300235074843158
-0.33191060971057595
1.0669965572362798
0.3307486330973006
4.234819723381179
0.21006197871383847
0.992090590387761
-0.6385145131182526
4.547408697188075
4.205128956408544
-0.2008054010257183
3.112357172412203
1.0523593912662363
0.7270573935934408
1.6603949106065556
0.8276114735833744
-0.2522434491165768
1.4201813575848519
4.228678420523011
1.5346098183215418
0.8828305998808901
-0.6365376266132898
-0.18066154480925434
4.952804472624621
-1.230892214964797
0.4622107468021568
2.4265279975084013
-0.2328188265571498
6.989038669304136
0.955667369847788
0.20132408273070723
-0.29477177515104813
-0.17912572489876766
0.9410997079546632
-0.21110571872054607
5.789180509626021
1.7206156428746908
2.562936874479192
-1.1098939429411985
-0.2990154433339285
3.0874882154262195
-0.8141648943217206
0.2897396907571874
6.111156032716508
0.9738444459044331
2.1402822220914004
0.3173894915037181
1.1499184099609465
-0.13092659359199388
-0.34522459364870883
7.0767562134710715
3.3425226852648393
4.914852985574953
0.5131663648626272
2.137370043049941
0.24787771000137582
-0.9585711877855374
-0.77670640521319
0.8604568466687397
0.42886218616467886
-0.21137691657327196
0.11943791292014794
2.4932051383270846
-0.9534953873294398
0.9180441588252961
1.3774502952510375
1.6118969326898878
2.391179012189923
0.6490496104122485
5.807053436924434
-0.43078499445437046
0.5543438908298413
1.2235883523933353
7.523578276817943
4.123721686059071
-0.2723222043516671
0.13025364161853759
-0.04204964742757511
-2.098306752561257
6.850719435958808
0.3036979521043577
8.836150959352153
0.20013553452645283
-0.4057444402778856
-1.461291128385028
1.089122473271118
0.026230642440850716
-0.4990068597364825
1.3631938538667328
1.756095159673123
0.2828394013108664
0.45465544119383594
0.2635227273572127
3.7597788359578317
13.809016967486514
0.17152418951877735
-0.6225932975364685
3.611854497586137
1.5965959085972372
1.2558983072747196
0.5711548884082731
4.62258305665182
1.777950266918424
-0.27531421744674844
1.8789534300174182
0.02818525076554579
-1.585042912720155
-0.4834116178503791
1.2178780031454153
-0.45355357515245487
0.66425704976632
0.6055611774511362
7.1031509851459305
4.367034677888341
1.4675989550751183
3.2145463813856168
-0.2443645692148948
0.23637403261500367
0.5902671213816575
-0.24470104527904368
-1.0047816959984175
4.490284134412377
0.3654626834561441
0.3025384755098912
0.6929141032919688
-0.32410789939058304
10.219112363652357
0.8016455165923162
3.8675872802928097
2.5947072710057455
0.7228873967198979
0.05533259169442317
0.2938094825956341
1.1095922226816128
3.4333880799508734
6.39576146606305
2.979438292300756
4.760914893689687
0.5383977592953215
1.3382643808004104
-0.5704662077639568
1.0327077335462036
-1.4003764943929582
1.9032825413480623
-0.7977596182686284
5.2292495306678575
6.963592593394424
1.298256660148354
-0.43326699600265783
9.20057111262554
-0.06732830486316743
1.191182242084551
1.191178967234464
0.09303875098748904
0.7881216174960173
-0.9296967936179499
0.3251125948961544
7.755965379893496
0.782132506454218
1.425374405838511
0.5017659332081621
0.3034995297844034
-0.8898714174456472
0.9599241145710948
-0.22835482315281297
-1.1849005511951418
3.2136972908847383
3.9134541398923375
3.9989037078405545
-0.11406981194977561
1.506416547878871
-0.2339425934180781
-0.10489873276151229
1.645322912848087
-2.0543431594296635
0.022997784809604127
1.4718031530333064
-0.31333510240938267
2.4296483367947985
10.73465310032475
0.4679221956591846
6.736357645276712
0.835016184577853
-1.1541793573060204
1.2918096192574922
3.2473205266801415
2.961996111882627
-0.5118427414620328
2.522038855675646
-0.31870989560411545
0.03487336672674246
-0.5780384418455924
0.3668328383030257
0.25564894386729975
-0.3449892426783663
-0.16422920120771778
-0.6382364643457095
2.455067602478721
1.6053360368543963
2.804494052264772
3.405690433892005
-0.9272886135868248
4.828703498109917
5.175275944723126
-0.990050636893784
-0.011606334895986947
0.19553421162754603
6.392209428064916
-0.18512279196852433
5.191647274632942
-4.243516850983951
-0.5850224105947746
5.295739119904056
5.310754616386703
-1.4945399130990609
0.23242762016025154
-0.3718323998832602
0.503203073275472
7.878330110986326
0.00454866801078424
-0.19060647553942545
0.3400582539338757
-0.13498501536787444
3.16177181929811
1.790286305633117
2.867237778777735
0.05708318039705773
0.7773198385057185
0.8379923146653709
-0.03738034974526272
4.929685246137069
-3.269297079397802
0.7902149293915954
6.692286686380612
-0.09481426001207183
2.284384782149118
-0.4217120579805851
3.122208038968438
1.2064144338389724
-0.026867432949529757
0.016329685269738548
0.7005214100372541
-0.9402597675739344
0.228830559471362
2.8032343677632525
6.114394789391781
1.1587703396739926
-0.8804153446649252
-0.6919507537670597
3.01223385011599
5.888462026446632
1.4925909868909457
1.6989237265725023
2.7935573571176064
1.3910393915095938
4.44993072922648
2.323131371127147
-0.4813388247164312
-1.679427466294328
0.47222249129936245
4.359713096003588
0.10513918919355092
0.652266223740753
-0.4030364830848612
-1.3122866860151134
1.8224845393442592
1.722279035469228
0.51695601655274
0.5050709764386738
11.414683506313168
1.4696708241010583
0.7432247348942838
-0.06292315843575125
-0.5310060107794925
3.090568464889884
2.5084405755178523
1.4756533449135532
0.16965323832278045
4.666107535503443
15.007038910644269
-0.02251775592935701
-0.14093411147223378
1.1853389405459893
0.4110735305855542
1.9657302786051787
0.4258247062366536
-1.1398692043946994
1.1567415390438782
-0.9418497965473307
-0.09793095690838527
1.2156661028043345
0.19261214636799195
-0.44164363523236716
2.7030066953054757
0.17665034165656834
1.6220407645880641
-0.09440882955527741
1.0049487267654058
0.3769341295351296
0.46692019807892393
3.1047451107949655
0.6000808062351553
0.6569247862926204
5.785274057501738
1.1186014454397082
0.5353335903912466
3.6726416106598663
-0.2014057864341794
3.0372222841881467
11.39386608732434
0.7303560739799195
2.031553641174469
10.277861665306773
1.2154598258948681
1.6498798931213514
0.1765291089902803
0.9859554193446911
1.2322428613715601
0.38139259439935813
4.263428123022095
0.3935555068105714
0.6727640753254036
0.07012821426815208
0.9148881717815129
0.3245693625453896
5.37307747278237
-0.9025482444938007
6.329137821239101
3.144696219748994
6.168893561579807
7.265269017500941
-1.1982882265099306
1.7305631136644024
0.026429656167010762
3.395172419209757
0.7163321982402522
2.5657166212124594
-2.1347400497757008
1.9088356052600375
7.147102172008999
1.968394513421572
0.2817886075720253
2.54256839202435
7.322222630779834
-1.3884337026381672
-0.7959402684944052
-0.13553058185357258
0.29070444813032736
-1.135992497428333
0.6095275768743704
0.5729660305607922
2.221096377911863
-1.3373478942919519
0.20958300567895094
-0.4069153707469013
7.605340312738463
1.3185187371013853
2.746840574065118
-2.6521191531428485
-2.038274760964214
3.024544411800207
2.439692284696548
3.700041951723051
0.07058337694115835
-0.6071938860884529
3.3244495170276878
3.1878939478865504
0.1775484866120678
1.0050097482430829
0.12570685844684704
0.47271888287468755
0.6245306963519397
0.07313169746180392
-0.3505399041760029
0.7438389117623956
0.554619054382556
1.6282029791384502
1.3548535232841914
-0.9223307964689411
-0.3423843413754639
1.1812981623968426
-0.9123085462124436
1.6290494841298369
0.7212224922077439
3.82995417264533
0.5640060988121149
4.374673130294923
1.885928393096492
0.15606156589842612
14.983081899531498
1.5210372616604673
-1.0380724842177642
0.9428832531762055
6.965519331215319
8.95779052586613
1.5979198840580011
10.816078662923701
1.6589917811347732
0.3245453518720751
-0.42839911609280534
0.22297008948498842
6.272864033835276
7.192311824672743
1.4120647120375907
0.7107613392772691
4.381113750845316
-0.12884161902570668
0.15950425785194966
1.5238675115961087
-1.127698593656305
2.5188868044706396
0.43602694150399657
0.5538915165946037
1.5020458299993606
2.7801146212552794
1.3846137813986843
16.443533679996335
14.505959729877759
1.7254078061471319
1.5271972174430175
-0.5461176034571054
4.890508395979396
0.17111501913586835
1.2885988418779561
2.021889614125257
1.1894327348190927
3.7846858107186563
2.835973387848753
-0.42988920568041067
8.800845338815407
0.17407816815102706
0.13382589695493152
-0.5326699411696154
-1.4865888493234252
6.815817114086258
1.6744125829088716
-1.4872899675228837
0.7372294744823193
3.739749563266969
-0.20056545580109741
0.37648682440158154
1.3729686599258457
0.06601852421681542
3.9043697608542516
2.7524103959062813
-1.352492041391315
-0.23438630916666625
-1.4054156674865226
0.2483086704305606
0.5747392263579059
1.6474256110343504
-0.8561299378136482
1.8381209979338564
0.7880814966047183
4.776656154753482
0.3557300779207253
-0.3103834068492688
3.4620229708391435
-0.36353830457142067
-0.013503894633686286
-0.5214251609718303
2.654877537488346
-0.48297472291324084
1.445400357915105
0.6668827942899043
-0.39576163133892805
-0.4332521056951464
1.8600089839198972
0.0212057930782521
-0.08852509716120949
-0.4838408362973041
3.83474558812145
0.14093234143911104
1.0524031431125422
1.0836881905111113
0.386162122482574
13.747402041343321
0.3792360768702565
5.508614930786962
-0.7401762112449433
2.922439461297472
0.4374891175832545
-0.7911219691820861
0.5504412879913616
-0.17880175474192583
0.47166287339655355
0.46263999161396896
16.331014177765155
9.17491157697259
0.07613575654818305
0.8196915726807674
-0.4495599458537072
1.2916853232129597
10.81103410998685
0.47195175559795643
-1.4462416641661093
-0.12396540969439229
-0.9076214054412048
0.6044891166734487
0.7433106351300012
-1.1025598141682167
-1.7622222908782987
-0.4673247881007683
0.8889324212459542
4.395735168198144
3.0397378882678368
5.8765614319286215
0.6515688175968535
3.3865203825664594
1.9749033964490081
0.49738343429680754
1.6864172850591785
1.2153246788950582
0.26544388215211256
0.7149461503333896
3.385415770981126
3.8716220833682655
0.17271207039425462
0.3073296480993122
6.231328851354874
9.91738066676271
0.2715198778778358
-1.9477334218147462
-0.44601435987647164
1.0043746548310537
-0.28714405060077297
-0.5472282651287514
8.38086024047152
4.347510575920978
1.481920240182717
1.5985964557078205
-0.6606338202448114
-0.29671508755632203
0.5582194118067036
1.5936279204199764
0.2818463010328287
1.7003118668828847
9.062960763118781
-0.7258593387882684
0.6749625515121807
0.32718607835408875
-0.18701130240560815
7.6876959074281785
0.8354429406563213
0.8264741507532563
0.039519293955436297
0.31839762621461887
-0.16088940985946465
-2.5272909949269433
1.422207823676672
1.9815910652444018
-0.8801522826649943
4.531160735018602
1.0368580525757807
-0.3032395511636423
-0.4602879600590768
1.4464126073821717
0.465400885229883
2.313038597186278
0.11981050148847316
-1.3343271578132772
-0.6156884863075902
0.2667555784473734
-0.33713153305984633
18.36935507518342
9.04981112663313
1.1352392231763133
3.971753518063224
1.717146864752067
2.0646145078014797
-1.2409138256007282
0.029850833974251145
3.2739203770547647
1.4292842077684327
0.3692722075959409
1.86123407745049
3.0408387448148915
2.025630565208985
1.2516186097834634
2.3469185823150838
5.676983953311037
2.44755664043646
0.9302922741119346
0.2932729627639219
1.7556775993000429
2.30461394393069
-1.0749601125085064
-0.06675243047925505
-0.5616868607160086
1.7071152535424972
-0.10126076675783224
15.924086313478938
1.1479465297747993
4.229107918631826
-0.43655744076909286
0.2885613033226946
-2.0336186347906278
-0.16667162340581854
0.3516605160539257
-1.2254637151797851
-0.027878130218368824
2.3478914556033033
13.947216996648422
0.391358851032237
3.35691606122532
1.5644878627738308
-0.6455418555181041
-0.8782389074815455
3.2159641407345134
4.249056000976225
4.481197828577251
1.2840797167782512
7.450258017527403
3.8350365391368086
0.5061620516460152
0.1644887709676368
-0.0056689301177357265
-0.5503801923018727
6.342378445432587
1.172983375437525
4.3172767835487775
5.138086933026898
1.0749307687394776
1.00889700865946
1.557827525614357
12.546858529934752
3.7637253887703537
-0.3343099135952343
1.9950956717543704
3.954895066064182
-0.9760763749893613
-0.23206478766110195
3.416221858839208
-0.39390217364871205
-0.582000799210391
-0.37014680251286336
1.311363951093881
0.24426331121981093
0.8688218675974895
0.024771534070850976
-0.14002649162375747
0.9056449334350418
-0.4760737665033048
0.2867827020029381
0.40758433329824584
2.141145991764688
1.1743213386216667
-2.1218289157384334
-1.7519592987459873
2.1465493451892144
1.7077646529585309
0.3151851198795157
-0.038304062187989985
-0.5301398052654349
0.19930601064766051
3.903105459216249
6.5915715115286275
0.718754354262046
-1.2397177022141932
-0.2162296088038147
5.379923603268253
0.9151478674257305
-1.3692103645387306
3.8629126148305204
1.5950289062325282
1.9707435031530167
0.4258791903882866
3.9443648119270165
1.4858611820839087
4.399751532325126
7.3014741430231425
2.2867695723421093
-0.9385786124619244
-0.013334684990013557
0.5268641893455879
0.08264908930959791
6.426126228851672
-0.13815872048689926
12.394524527984458
4.137390961783012
1.0958634226171853
1.3463384157628298
0.5531030696372454
-0.06289093017812775
-0.17875503004643178
-0.7640982699317647
0.6618729225160678
0.511325514631153
-0.34734037738303414
-0.3692985449083608
0.33673918088334176
0.32149643120533256
0.5541838967249078
0.1264080818000366
5.215586603316979
1.1080321691204063
-2.244559090134544
-0.3434319421701275
1.2814581304423882
0.13624187330833593
0.24807434481976998
1.1453010362154146
0.5136584098004278
0.6037455893488186
0.5517021546040723
0.19312804856463117
-0.40340247222138714
2.073378104576932
6.168626769818729
0.2690262461906059
0.7805965575978462
2.520209557984572
0.652562668706878
5.512290676098246
0.982833414866036
2.1054695870539035
0.8302579966809844
1.314204630776203
-0.6069408672990448
4.729287302740204
0.5014954894950279
0.3301352996065816
0.2797062576096323
0.12703721124125877
0.6232491537748501
0.7322875370007296
2.662996065056177
8.853568206152431
-0.29077501642018433
-0.3963378788025693
2.625439089352085
0.679733666437869
3.2657806982022066
1.4110120952718717
0.15668770311935987
1.000656119573705
0.17505279422925923
0.7324559118546858
2.966450499258599
0.5584324553171882
3.3173700208633363
2.9779730479717728
0.13897966732611167
0.9076618204728675
0.31983310958912625
-0.1700681627812628
0.5472700074935801
-0.7925786804339623
4.2747265171585695
-1.0064765534659728
2.9731611192494256
2.436770229349804
4.863019084927146
0.5459892555045371
1.6663634747412743
-0.4920224807676732
4.4905020503733795
-0.697846156140713
0.9264821075903455
-0.44154911669556896
2.6223021008211163
4.124231095043569
-0.739611010954377
3.053946330635881
0.6573823056196488
-1.244596403517562
2.4071063451244754
