0.05937096791535623
-0.08667435966185622
2.3125552653136765
1.203906875888947
0.052910507012711605
0.38951090137345545
2.3642510988569256
0.16819010179165161
1.8799565145911856
-0.5111784196773215
0.08920966321238666
-0.547130824574424
0.7377878703798615
-0.9620499881518754
-0.584880351956599
0.08464725644034843
-0.8739825055095025
-0.03125188222702491
2.1674558976321805
-0.04229074480872441
-0.13589723951690758
0.3164715699133467
-0.5029406349322016
0.007835564884771884
0.13941071800172722
0.2173194230279023
1.5682318564588513
-0.19918077170041215
0.7706392506980819
0.3121840900068946
0.537453484367461
-0.45928993525217265
0.06561626746429283
-0.028251405308083122
-0.014942997625439602
-0.05250946139358348
1.678315007766173
-0.17937214604103247
-0.4496331987497797
0.1591138551639233
1.2308154232212019
1.3520777179936658
0.9034280926161955
0.23185537077824847
-0.01744195053902331
-0.6705511864745404
-0.4643835778011862
0.8988402011873404
0.31460384200909175
0.0926655581090472
-0.1976114255921857
0.1374382302565209
1.656429514967158
0.3906737131110276
0.020130083039020974
-0.16866062514486657
-0.12308002876352475
0.05781722922347399
0.2321770364119402
0.4125758965458317
-0.18334108108319924
-0.30479754181277485
0.024055359525391395
0.44393248995845624
-0.29272335614587064
-0.4706350866495086
-0.10774025500950302
-0.05026943373673021
-0.4662879531811086
0.0911930592801582
0.14431743526006358
2.8857079110479162
0.011526588206834276
0.040696955446037464
-0.048455548138690574
1.3162267985030667
0.45570877988393477
0.6117750162588891
0.7030246048325353
-0.09850046169179905
-0.04391463111005578
0.18286067531312256
1.9521658959735078
0.403932055322457
-0.3386450391124072
-0.521514188273045
0.016309839917539648
-0.00813446331085288
1.330663831457798
0.358907827375333
2.0645203816269486
-0.7272434238157075
0.026583992445011972
-0.16405907725197721
1.2535612920571566
2.129337355862276
0.03665369225154791
-0.009758923289609811
0.564689089135868
0.17070130247634552
0.03032618565384837
-0.2938754683291336
-0.42751611547873836
0.15949276093829212
-0.03329969148330747
2.0389399291399286
-0.09813793265169579
0.024236474488816384
1.0785164246648264
1.2596904486126732
3.2332731941355632
0.13649834436273522
0.3479395798113387
1.8793498585607722
-0.30830034659038574
1.2862263124774245
0.29004302070461563
1.7027553981224628
-0.23806920153106148
0.2906503805209013
-0.007192608751438456
0.15144498065797052
0.19785535680512112
-0.01898163923010543
0.5411546640505094
-0.6645322340523308
0.05744530325887354
0.4826667359518524
0.5609358145266015
0.8850521381937142
0.5160651567096011
0.006046784369573288
-0.24790754743514753
2.3805670632643796
2.2134476554153935
0.8948065295789149
0.03819909705475766
0.3453910334108059
1.184612417509129
-0.05117459298139693
-0.7422214554188713
0.1555261218297801
0.062163755257870434
-0.0037136396247205994
-0.5356687820849402
1.3484267155379257
1.5474106332972042
0.9019656937090303
0.05828089064857522
0.004575555124802122
3.027601366420072
0.1443177225069121
-0.21326110967083878
0.9483059866192605
0.49443765458363487
-0.843499672789676
-0.40665588745650894
0.6294375864627568
-0.2039796089037509
-0.0513006823402975
0.43603380252898205
-0.29344083565206347
0.10345393738657549
0.0655056077032441
-0.006142867585822387
0.2791573819428095
0.08033817229397755
-0.09567400259334136
-0.02197165736288298
1.5643770206938825
-0.03432092681305221
0.03004676020646002
0.14690199650885916
-1.74096907784417
0.20302585847502996
0.7729926851969822
0.35087408977369705
-1.2067691855733074
-0.020068860140554534
0.18147899996711203
0.4446578459367174
1.3527684484946576
0.7422096075941909
1.136790393097499
0.27820111893606736
-0.20784776133928062
0.10860254445105966
-0.03050552157810671
-0.05340621718096372
0.05266349750331756
1.8006519218107542
0.05564111621765733
0.04144443261407105
0.16236447888945804
-0.22218846430644135
-0.18118049856002472
-0.038868318122467826
0.3286322638821275
0.45142317940053545
0.003130218640762905
1.0352845253607939
0.5910517377535598
0.18360476108387047
0.0
2.1881633025820975
0.00918858154022928
4.822697998517242
0.5297519666951302
-0.19474698919208322
0.11852928688585962
0.0
0.2638642910883391
0.025605937969203296
-0.03178253354371918
0.8976761229245085
0.013004765065034007
0.24359780299778322
-0.1653606711302018
-0.11739426947906395
-0.27480745047569144
0.27801263369156004
0.09521854944227925
-0.004491585841833512
0.4079004370213397
1.1240277057720505
-0.07996364691553026
0.039501867629041953
0.09027382611611756
-0.04072938608669574
1.528532460299516
0.8147653722799078
-0.332821624473695
3.007880960764055
-0.32721052430929376
-0.03226550955582752
0.11611819057361572
0.47834219250853494
-0.0899887356099498
1.7589103028224145
0.20192976416205966
-0.026780480292700304
0.005863659449687475
-0.09311182804299278
0.01989857088528879
-0.10806359661614806
-0.0951082930546363
1.050042607356886
-0.006567623447836013
0.9432960457945683
0.005420615962975717
1.4206592588242302
0.8928413136595736
-0.2000629546023447
0.11138907386180108
1.676884593432419
-0.09585944132686564
2.053021978646825
0.1485878044304627
1.5260663994065453
-0.02268102333277966
-0.07408555238839654
0.7269445601441475
2.0284029584863674
0.7220097400720533
1.1150539038318357
0.9008266729440493
0.010833290548362129
-0.2610718981475202
0.35151149231319323
0.17659082632792433
0.7400766127816496
0.42518800436323545
-0.15632742520529064
-1.3337221291320702
-0.4555766196501736
-0.024232846612449066
0.014067711938650973
-0.013294368006881996
0.6344769077912815
0.5642147243036106
0.22247048228609856
1.636129490287999
-0.062332129609785625
-0.35911699770781524
-0.12119890569920244
1.5107512522130833
4.649072232274648
-0.04833364738374257
1.5274057526747242
-0.048855724361828834
-0.0388683181226952
-0.30933718691244394
0.22335450719992878
-0.02175648678826292
0.041952750062137056
-1.3370451409492716
0.575213984825723
-0.05147542716326825
0.4225670377472852
-0.0394312658461331
0.2312620437892292
-2.0830285298972058
1.0232322587154385
-0.018728176191416424
-0.3795652512608285
0.10717740086329286
0.4451159325697063
1.1627337621755487
-0.23465760414421766
-0.40775934831685845
0.1319299476708693
-0.0005629945076179865
-0.33616297420985575
-0.5257945500181904
-0.009439557464929749
-1.1426104410654716
-0.019134316778490756
0.2666346100741066
-0.13005799796314932
-0.1653606711303155
0.6531837265598597
-0.07534444835437171
0.7713195321898638
0.5603279926087907
-1.1277304403971016
0.45748063751602785
0.03819909705430291
0.1090840306105747
0.11681943346115986
0.061747548655375795
1.2111729283363957
-1.400875073999714
0.34504050469445247
0.2608880377792957
-0.22775544620230903
-0.15011375201697774
-0.2178458949817923
0.22043542630717639
1.1198658851005803
-0.8855399271772058
-0.1271255720002955
2.1345963574815414
0.12473559089789887
-0.10463446213452698
-0.46141988555427815
-0.11241243071987128
1.5402994721296182
0.32832223225955204
1.5900451520122942
0.25088290396342927
-0.8382213161850132
-0.08296701523465799
0.7900553132462846
0.2117647721436242
0.0032924632409958576
0.6679377090681555
0.9221297110454998
1.4383181578556332
-0.2620216812495073
-0.06008492039245539
1.8870244641660747
-0.32811343950709215
0.49019367573146155
-0.2462447483503638
-0.0967374001211283
1.4211929711847233
-0.4854707794298747
2.9392983013991625
-0.03532671015182132
-0.21618418244565873
-0.013024815155631586
0.33734912315162546
-0.10278650089321673
0.3716089783638381
0.4405091253483988
0.19430203332058227
-0.198351864987103
-0.20962414875680224
0.763183557748107
0.7895075225528672
0.0
0.1341840404395498
0.13002285943105107
0.12031736859239572
0.29608044215035534
1.117439781807434
-0.06377494486082469
2.3595204693165215
-0.2681984794046457
0.010896660282696757
1.5005303041011757
1.2280764014292345
0.042740459046854085
0.7790505241955543
3.2154708409365185
0.12782429607045742
0.6747367715584005
0.012711780546169393
-0.6532657643501807
-0.06074417057038772
0.1295151862793773
0.07087433958713518
-0.09806121317660654
1.6203297969204868
0.13461599142988234
0.7383768135107402
0.24031554215412143
0.04707519699582008
-0.15341781061033544
3.0439773529070635
0.2700170398240971
0.12615128532661402
0.2754134074693866
1.28820685727419
0.019134021075387864
-0.06984394533628802
-0.1852582004435135
1.5912315152182828
0.664340413780451
0.4906703307647149
-0.9691492285328422
-0.1511142631823077
0.1664902652694309
-0.07308030956369294
1.3985020814184281
0.49443093944341854
-0.09915258042997266
0.2505160000930573
-0.1325666072148124
0.9259631495347662
1.3878296174797242
0.07005050390830547
0.15679997707024995
0.5986795575814767
-1.2020555380640872
-0.19076707717204044
-0.014020066571902134
0.9630774634078989
0.4878591158965264
0.09195385537759648
0.2783315211675017
-0.14983514092409678
-0.044660770828159
0.0645930217640398
2.2852581974082113
-0.4171926895469369
1.0350624213116362
0.2397607498992329
0.05272839640338134
-0.011649636735910462
0.06814051189257953
2.4075086411986604
0.5028995396523896
0.36023296310963815
0.010397768863867896
2.34636793505058
-1.0231188525776815
0.17548038716950032
3.1552117717150168
-1.7784613384352497
-0.4301536118225613
-0.09444834899818488
0.27579704795584803
-0.12500388636544812
0.05033895722453963
0.6049544685246246
-1.3877180419140132
0.46841338242165875
0.5074600426951292
-0.7047067935491214
0.23697298229242847
1.1471786656712766
0.07785119870413837
-0.19897053915133256
0.06802265117221395
0.7466214132532514
0.42684778154807645
-0.0003192338413100515
0.2743045326473066
-0.2605047006552468
-0.46544843659546586
-0.170880125883059
-0.02215363661593983
2.6478891814834924
1.2702867645438118
-0.030945204207682764
0.033448801430040476
0.014065839068734931
-0.041390603594663844
0.5237001816444717
0.8613822133459053
0.30626013447943023
0.19240966791198844
0.15778579705897755
0.8766312385232595
1.8939154673869325
-0.6141730769438709
0.1489012191632355
0.2142700392912502
-0.31998854574487723
0.054962154946906594
-0.7480134704278498
0.6893981234018156
0.08938128783779575
-0.2838135787767442
-0.29414935449312907
0.01900697996029521
-0.6483484502981582
0.13757837647290216
0.49859271211539635
-0.6921476802270377
0.19652654367223477
0.3699375686367148
0.6347364184039179
1.0567773986902012
1.7519931424213837
-0.10120258823030781
0.9838699962990631
0.8432933546826007
-0.8716597555023782
0.36866490723105017
-0.21954419359258281
1.0482872047804221
0.6856585041424523
-0.552919990851251
-0.0690365392174499
-0.0665122593278511
-0.026302404838133953
0.9581861373610536
1.4591775051366085
0.08991181408782722
-1.131018754425213
0.8781362254970873
0.029597141716976694
1.313382805696051
0.2587315075719516
0.12656235134045346
2.1227501539352716
-2.360853163175534
0.05181412230717797
0.9836450831402317
0.12327877915868157
-0.1871245943395934
-0.31811120930137804
0.11532400298210632
-0.45610307812398787
-0.001966349349004304
0.9795081817351274
-0.19848549557627848
-0.023739548511684916
0.0008887646970379137
0.12021490446250027
-0.17712612946661466
-0.5870105744758121
5.515617705674231
-0.14572957743013149
1.650326898129606
0.18944928210237322
1.4312964602065676
-0.04501646778567192
0.5249427048840971
-0.6781191667676012
1.942871472083084
2.142818200560896
0.5509485044871099
-0.02453088460811159
0.7697921120347928
-0.8450585312498333
-0.00407207323860348
2.902273349912889
0.4524464847663694
-0.10507135071895846
-0.25195524855189433
-0.04731952742690737
-0.07193895074749435
-0.9002398540937975
-0.6054117430062433
0.010587558071620151
0.021991664342749573
-1.0305840502023784
-0.4812801761366927
1.1119009115474228
0.6972906127828082
0.02356660827013002
0.8149584573527591
0.006237525221877149
0.15120590432547942
0.29951094910290976
-0.07084515595033736
0.24042310000709222
0.24633326558387125
0.4589941930187251
-0.22447136839355153
3.8987355176719802
0.045309307769230145
1.6430913284781354
-1.3655954989920929
-2.276219916780178
-0.19405367251670214
0.97780957351506
4.265392525834841
-0.15347830658311068
0.059695800679492095
0.8931310031290423
-0.04724782706523456
0.7841808035966551
0.08513377016822687
-0.19481329186919538
0.11415133622267604
1.8909661193125658
0.61228017534836
4.30379478640333
0.07332767815091756
1.0539658615020926
0.46565390511977967
0.10376704067743958
0.011244493183539817
-0.2852058697772577
0.9416947835900373
1.1419851379125703
-0.2752993413448621
0.5891062762848378
0.7158935219872546
0.08649687373963388
-0.4350684403542573
-0.032673882573817536
-1.4808726247279083
0.01999895727931289
-0.14830128706557844
0.18975415332283774
0.38070814338368564
-0.7447321922354604
-1.0371265445326117
0.8684587709560674
0.6310986657204012
0.25179468955275297
0.12737745998515493
-0.8970488631978242
-0.44259793893638744
-0.1226221506838101
0.21113964211053826
0.617341767362177
0.43792342089989234
0.11279619394747442
-0.807521905968315
0.19676396447175648
0.026004857134921622
-0.5087439888297922
-0.024243836127652685
-0.08245612023142712
0.18352785464628596
1.6698140966572055
-0.3135276127816269
0.18427541628716426
0.08897935088248232
-0.17956033264636062
0.044873042287918
0.5106991024813397
0.9786905296638224
0.0
0.29278661788180216
-0.02448056353091488
-0.494077044308483
0.7147885138151651
-0.10982587450553183
0.09139846763582682
0.18390988523378837
-0.10770936327185154
0.32851769310229884
0.03594484464088055
3.233442255643581
0.2722123039911821
-0.4218805661727174
1.4502278886479871
1.278188835754463
0.08533236096491237
-0.08520566687002429
-0.30254225101521115
2.4027203629125324
-0.4290418674981993
-2.1495306342274034
-0.1029369057769145
0.24668335505293726
0.9649293923704363
1.4825376328196853
0.005263676818685781
0.26788882245659806
-0.14110735827262033
0.25909331842944994
-0.03357657162700889
0.020463257833853277
-0.24178605235078976
-0.01727747961535897
0.22788819928314297
0.31270354713183224
1.9811791992492545
2.1661576659097364
0.01978796754042378
2.050828284700515
0.5589192741135776
0.16756691383034195
1.1287574592506644
0.7292372686403041
0.5253865744048198
1.0318831861487752
0.2382533816914929
0.8612309546920187
-0.5387038035250953
0.4292013880073
0.04431329677117901
0.28320829463996233
0.18701129944838613
-1.2505416946229388
2.4539436462843014
1.0475448553775095
1.4369922401879194
0.20033509871177557
0.6062913439068325
-0.024820790081605537
-0.12398845426582739
1.7166722644550418
-0.05729346017574244
1.0672250138520667
0.3695129747156898
0.06004498046286244
0.023442485308351024
-0.2438418118183563
-0.3185864832933021
0.007707159538313135
-0.24178321748786402
-0.02056279748171619
0.056309235432308924
0.49030838596581816
-0.5037998450573014
0.2903864050458651
-0.6364588852809447
1.5849041107618405
0.08385928435131973
-0.7102580932699993
0.5596669723049672
0.7823156477297744
0.7303587919029724
0.003258892944359104
0.24443991790781183
1.5405260093293691
0.05473367781723937
1.1373889309722927
2.3622549305879375
0.7685534537442891
0.19642554612482854
2.5979688654525717
1.4281711305010276
0.7390785318049211
2.8555186651154827
-0.34055357510078466
0.46047806771696287
-0.17053360104159765
-0.15195306251075635
0.8301872666386316
0.060700978782506354
-0.19219606847013893
0.8189621823753441
0.05158736879070602
-0.37791561054507383
-0.24667404872434417
0.6566795549156268
0.12992715665654941
4.281252773994993
-0.026673149139924135
-0.5830108363516047
0.018054616139806967
0.019222943136355752
0.033950354778880865
-0.10829207029837562
0.04963075419482266
-0.0733897226789395
0.2691349393262499
0.12368446838058844
-1.1334286186314557
0.4556361921961525
-0.05153365011506139
0.7651432841367978
1.4912751368353838
-0.04725017390137509
0.8133112491952943
-0.0015846151623009064
0.3308960674203263
-0.09987398129646863
0.2339151163812403
-0.12647518824860526
-0.2274018392720336
-0.06479177604023789
1.6855250186218882
0.025633162367057594
0.005657057866415016
1.35292628505033
0.12145697249763998
0.432507198678195
0.057067956248374685
0.25318305517544104
1.4855308771610112
2.623641981338608
1.276778047138123
0.293803946916114
1.881294943740727
-0.3698209918200064
-0.41211404434875476
-0.702917446819356
0.22803799884695763
1.5061730365741823
0.11160399304071689
0.6616899925434154
-0.5824279143587319
0.6343758631439869
1.1253001336544912
0.6885068010030864
0.4509978350038182
-0.02215329964906232
1.2336419799980831
0.11036146137757896
0.2603033738093927
0.020142585186249562
-0.04125786910026363
0.15902882631735338
-0.5535612790272495
0.2292619821878361
0.1725736136620526
-0.9096489764144735
-0.44361687407240424
-0.030307932629057177
-0.2740679463535116
-0.2130512272872238
-0.027618639893262298
-0.03771739094759141
0.01400184669932969
0.2539728721812935
0.1532309738411186
1.9854220073713122
-0.9573800298842912
0.49697300196294236
0.20875189361231605
0.012321131209318992
0.1771942509976725
-0.06548704713304687
1.360805116265965
0.11124903023517163
-0.33762170812383374
-0.3604915588443873
0.2598761423439555
-0.4263738789045419
0.8452736264034684
0.04123784264174901
-0.015439860223523283
0.7091164256248703
0.19532053332591204
0.13378337700282827
0.3663216932176283
0.5638645673113842
-0.02266279357741041
0.5989714638242276
-0.03951102393148176
0.4151910328280337
3.4310418991866527
-0.3582122232578513
-0.02051973023071696
-0.049416274917803094
0.17721405236284227
0.43402416802450716
-1.203355204743616
-0.06719626179892657
-0.022498708377497678
-0.005405342984431627
0.08085334223574137
0.14671038081041843
0.26585653996710334
3.0871947120296
0.5605933533375946
-0.012026483729414394
0.9229748242455571
0.17982020682211441
-0.11886104460973002
0.0033538320990373904
0.16142226538966042
0.09583536380932856
0.002114902385073947
-0.08339395797884208
-0.8325489755037552
-0.15158727607490619
0.28873706866693283
0.3245544897079071
0.29575715661394497
-0.071955250233259
0.6122487794170866
-0.08354121312140705
1.4541197703305215
0.8089392464172533
-0.5345672821911194
0.21342666049099535
0.008785549183585317
-0.05924511261105181
2.1743953340103417
0.015415714715118156
-0.2225564532827775
0.1236214174982706
-0.1739368069700049
1.2316790053669138
1.2375430909478382
0.11619841349249782
0.9640813957100818
0.13128382455010978
-0.14842435295372525
-0.038079358787626916
0.006678358538238172
0.42135422093508623
1.4466707515830421
-0.011141441368408778
-0.5106329295340402
0.027674388849391107
0.3553681654452703
-0.07225096140609821
0.3439767784632295
0.05987054578463358
-0.05489961469129412
0.28975113512160533
0.11465074928628383
-0.03357425483955012
0.20738615214304446
0.8477993148364931
2.279967583925668
0.5481695497865076
0.09619772111386737
0.24367570825506846
-1.1039350735776452
0.13589282238990563
-0.043786841869177806
0.12414603729371265
0.11168298984716785
-0.20136402150137656
0.7368367386012551
0.00565461083124319
-0.16499134097398382
-0.3707865627980027
-0.17403155338990928
1.7016804135275834
-0.23924533532294845
-0.29864771674283475
3.7529085049731066
-0.21211931643824755
-0.09321291766855211
0.001047744734933076
0.22506049668368178
-0.13147973851391725
0.9349501542870939
0.9550854990316111
-0.8132063390435178
0.864459225328801
0.0943484740337226
1.2791469817683492
-0.10475435830062452
0.2614370506769319
0.4580321369344347
2.875504846556055
0.0
-0.02638728294550674
-0.21590728911996848
0.7678890222073278
-0.024927509949407067
1.004174575523848
0.12337902116087207
0.3317493496656425
0.8287995904083232
-0.6635692668123738
3.1208935671759264
-0.0738227482261209
0.056508769798938374
-0.007667898135764517
-0.06719626179960869
1.586769112620857
0.42026775775320857
0.3610975820729436
-0.41725888727660276
-0.22045132699747683
0.15070128654588189
0.0005148950476723257
-0.018702727073332426
0.4181921770500594
0.8167249494400721
0.18554692097245606
-0.43087382551789233
0.1889290550448095
0.0892434142606362
1.441846790823547
0.7674218768224819
0.19380285859710966
-0.4230333017924295
0.054313777681045394
-0.167910658921528
-0.15608341445590668
0.6297237324712341
1.8302061162271457
