-0.28032443428716647
0.417287272361051
0.31619077129613515
3.7942045992044484
0.47118294659836124
0.3355298775127551
0.5710206185031552
1.9414155735742042
2.6967821934505594
0.5873009802964759
-0.2367160552887526
3.0116733731942418
3.2096668857828945
0.8639607676786909
0.5733774059925167
0.1585991693536073
5.0946061871696315
4.531062213834332
0.1384091613867895
5.4396708024114275
-0.012716266145247346
0.5318098070281394
-0.31695967961499605
0.6177420057977088
5.080956436645437
0.9934835326156417
-0.8685298481119617
1.1724807270687165
-0.1956357911003863
2.027481152976378
0.8946092239926884
0.8085998137346166
0.3312063350006156
1.5506546943816488
0.6581579916785643
0.6245933875020171
-1.8068535735643252
0.4261222070842905
-1.6366206470279394
0.9027727788620439
-0.09598738522927874
0.4382034949260003
2.5382975450433207
-1.3303566207549125
-0.3014191062254099
5.7719259906854745
1.3220826907778473
0.23672077076344067
-0.5637339925288245
0.1501339897365881
1.305206859715355
2.6207517245713916
1.3427352463680222
3.764558992270622
0.19960744740717473
2.674972897347118
-1.496930224426933
1.4976387981455161
1.7685630489949915
3.9148241277078455
2.76946405150386
3.7190725764613433
1.6523654875187503
2.505001973006756
-0.2965560896091972
1.9750065235429304
-0.32609297018606753
-0.22459421100884924
0.32662558272883757
-0.025836423479944415
0.5335015230136264
2.7728049618341686
1.0301414195941732
-0.26554430164094356
0.07958974847844047
3.6858887269222578
-0.1406573179523889
-0.36517545423984643
0.3135032259586694
1.1817845832480316
1.9184805228288724
0.1835418131992128
0.45372274364160603
-0.7823057216414782
0.03378812267658304
0.3207939285460668
-0.23471001994573726
1.2116138665828373
0.6006906717752258
0.5930535939335471
1.0735839962736122
8.01039507297321
0.6804865369741719
-2.842170943040401e-14
0.13103895765078732
0.45582390005017714
2.83906209783396
0.45223697143470076
-0.06107428210506782
-0.8846842498113006
2.895810092313752
0.9874190626908046
1.1511001073687623
0.9322061871800429
0.06638427811239467
1.9126634109947247
0.37855873743868074
-1.2038786312393768
1.2630222448227073
-0.6343066805369801
-0.8101973470006385
0.6003277364846156
2.071170329714761
0.5583216951610552
1.545111278149733
2.1182010407080156
2.610240999841011
-0.8647951203597586
0.05880175835235946
3.018336023129848
0.19936707365374673
-0.1787661133188294
0.802576875814367
-0.004926192592648704
2.656026360058405
-0.03330719801778059
1.8311973696269206
1.6293515549334927
0.3109902834227114
0.8369756177332874
1.3836843990016803
-0.02184126383562557
-0.042743749837683254
0.6610049633787867
3.934495861280169
3.837562466864483
0.3364722366212476
-0.35235026644443224
-0.28316269347959633
-0.5606864937894898
-0.6454197998523341
-0.35907413687851886
2.4047917497924516
4.727339387359166
2.8419221154527747
3.450789149080947
1.0115804392953578
1.6711554565004576
-0.8038866164114324
-0.35811673274986333
-0.14719124701059627
-0.9170864298309027
-0.053876436422910956
0.569937718153966
1.8626223531468895
1.9533731808226662
1.2966609768502337
2.6270217861038816
-0.6357055864646668
0.8750212991097044
1.8933203754130261
-0.7143064245792061
1.4217811742113895
4.51506206047199
0.8543125373866189
2.1673065538785465
0.8751667593960235
1.0928112675833859
2.328301980999214
1.0266162497175912
1.6820892071792741
-0.17046994957698303
0.009876623495927106
-0.5993462760635992
1.9229142418502363
-0.06508104115624747
1.2621155609715515
0.06762018767503264
0.34747990629225
0.03492897765093517
1.548486493287271
-0.6307716408528563
0.7465597420234928
0.8380049683530615
2.2963707879814876
0.436621693066229
1.5776077650186835
3.0230244158420305
0.5918514685312175
1.7813896355473275
-0.9718340648633159
2.7172777446656937
0.7162381756488969
1.088575703940478
2.605876576372907
1.6832345036106346
0.46242869888322957
0.2586945355785417
0.8449117631018908
0.860293643150186
4.067717011419177
1.4856508112842448
4.007954825928977
10.63803040112387
0.4347855426218814
-0.23069684502576138
-0.09308339845026126
3.4589472728684427
-0.7877546665274338
1.1914259522740736
0.5884915016584671
-2.9056232809364815
3.3204393486798836
2.6348018396435577
1.5708621525440662
-0.02254607337644643
0.17238743063848005
-0.16388398106562363
3.101522989261497
1.0542492269945285
0.4922178866997058
0.5732150870234705
0.14644054140129015
0.4049662874728881
0.6446223051249547
0.9725455406264132
-0.9051249469367519
0.3112590274495801
1.0471876559919053
1.2998520562775298
-0.0974243702893034
0.8610370237801135
1.4567393693043584
2.153646533094303
1.4849352961806517
0.34396688102629014
2.656353297287808
1.7989152772347552
-0.4950244140719633
4.6349103850481725
2.58518552240713
1.8801297376636228
1.324839080392195
1.0573363058529708
-0.13758841424035495
0.24661590749937545
-1.2586093842977846
0.2696718881127538
0.06881753955764225
1.7773617556713077
2.8564702062204788
2.091851908729268
7.335002602341845
-0.264284474237769
-0.10154337024323468
4.609096737501687
-0.5662459128798503
2.450605151870292
2.2270378718512234
0.27214233801399246
-0.35882097586016926
1.7160364226990623
2.4545594933986763
-0.506292524434997
-0.38271450996583667
5.160491049640626
-0.6119497181434213
2.306734476540896
0.39531273664414357
-0.03749529241832761
2.0243817644968374
5.721490372919192
0.5720383079339797
-0.39667760207561287
0.020468033278746134
0.11638819633486719
3.075819964471293
1.1175320845031251
1.1573066018036968
2.37735407205156
-0.8823743487943716
-0.07613431529892978
1.1907068648510517
2.865177788564239
1.0195461878167862
4.194247387819416
0.5155076926739639
2.0159606621004116
0.3501739338479979
0.0932530379130867
0.6110165639958609
0.2901538542162143
-0.49084408959032544
2.699217547949644
1.5937240903579948
1.02109054467968
2.2860489045326347
0.6399862932312033
2.4713923498039776
0.8730412395535154
0.6052975805539518
-0.7111840668951004
2.7323452640387984
-0.11848923252222221
0.161619087498309
0.4923639279397207
1.3914094617866226
-0.33728867127456397
-0.46854363667648613
1.6133675524646094
2.307371063310029
-0.5031216630328288
1.412045613885823
-0.3847221942238832
1.958398986857702
1.669250013339763
0.012535915397108965
1.7900519079223614
-0.008759700121402147
2.1784033596481436
-0.31482058469563867
5.470124790700794
1.0943456646410823
0.5095611177600574
1.6435641576404976
-1.1027636116428141
-1.150921525307524
-1.2393819062133389
0.5103623339682599
-0.3692758470305364
-0.34110131054688964
1.0412350651519375
0.4334259231057729
-0.5595680763045152
3.005097622109986
3.05129277960026
0.8334830672782232
8.579418767480178
2.2432922066254832
2.5039798300817893
-1.768228971817848
4.278942278087044
0.680617531253489
1.421470135709626
-0.01900768330841629
0.7603493133287031
0.4743161778745275
0.5465228156287196
0.4903633692617291
1.7720028707919084
3.6353000621014075
3.371491221216587
1.0183005698534373
2.7577348924517366
-0.48941462356611964
-1.4548726655733617
-0.6395081486720358
-1.0091062320098558
0.36997874530942454
1.4308517318176257
0.11586473137575126
0.6138110868218973
3.3819207146688086
1.0869997062652317
-0.1324179681193982
-0.3992973878873727
1.4681908964681725
0.36293880980929316
0.6613040115021533
1.0096977969245984
1.7243121778289776
2.6496475013487384
3.2767818224456278
-1.9963041628066662
1.645981744273172
1.4131823642737231
6.682554056558402
3.887814491248463
3.028553444830777
1.9501265994342702
0.5856031298050652
0.55007436971772
0.045253334476626605
-0.16578943761996356
0.9406080395248182
3.0725588699467608
2.094631598408
-1.0619173766319534
-1.60658268711515
0.858217747483792
-0.12645115867061918
1.905044386070216
0.2075262011333905
0.4178327569168232
-0.2998064230542923
0.3077899476866719
1.6745761690715426
-0.13406623942651663
0.809198514242695
1.3500426320993029
0.43518517206166507
-0.25579224984579696
0.5578972791777232
0.7654726190981194
4.441220202377167
-0.31472305707623605
6.366676928284704
2.643008880435815
6.030965605370483
1.9282867101316015
3.446315955436802
2.4203062206456565
1.5011856273546016
4.617139088378465
-0.008855128761524611
0.08800967684317129
0.36940132119300984
1.2821203197954105
1.6185537458421209
2.97558938206825
0.6540353050210683
0.04955756827715163
-1.5336318702812832
1.0390410220479396
1.6891499869421125
4.998137771285116
-1.4718854450302672
2.7076696198307673
7.333554993603428
0.2878789240009212
0.07495322208885113
0.21537271663081015
0.2536674561596044
-0.7413632919007682
6.748263330787239
2.0821552475514125
1.0154347821891747
0.40236853121928107
1.4022139363060546
7.02357805191312
-0.27713877056834235
3.988856135327353
0.009688703720826197
2.0087032088113688
1.5191629044845456
2.4585782302978316
0.7422924033744778
0.6039697099883483
4.3666604311450214
2.0977826138477838
-0.5912462840894932
2.6623848107548724
7.454865956707536
2.074131878998827
-0.2034981201102255
-2.0469213524144436
1.7694932691883594
3.962127933109201
0.34679715575202863
-1.7156407748204003
2.0774233775235587
0.2699797225002385
1.2655806137154002
-0.7234355808165276
3.087874728135205
3.1468582847633684
2.706730202941344
-0.4548975876053589
1.5596912185844758
4.091383914303549
-0.6080017132832154
-0.1519498443692271
0.38804384537519354
1.2630222448227073
-3.997050318276905
0.9772848882288088
-0.14863108508646405
2.5677232843443107
0.3804900598996426
1.4140453620634332
0.12003039640973157
0.4675693185999421
1.0334411564070933
2.116511641773485
2.840793743048323
0.8522238239036568
0.1918048384786175
1.4487064059990757
2.331160834570227
3.5809216950197538
0.6310439907320244
-1.0140755620105324
-0.4358122644974287
2.5370763194570713
1.324155029100325
3.118028372835454
1.017414881543857
-0.31455826707582446
-2.3559072502785625
-1.0970751973332824
-1.47678551543558
0.47403922125855047
0.14038221940168683
0.7408683975405097
-1.4754378594423656
2.5360461401154453
-0.05157064050544591
0.05259906171120576
1.603570243746418
-0.8827824920820149
0.43150153966476523
3.7321405768042553
0.07378904375039497
0.7731526240751521
0.66301008613965
-0.22210371945598695
1.2080140103580561
0.2937718663432065
0.5985311224309555
0.7132585504187432
0.420014528515253
-0.24061425549129467
1.099282399675161
-0.4170338697629177
0.9092609982176327
0.3234001550538892
-0.10502289453305025
1.3973591076579623
0.7987045477669028
-0.17623817046859358
0.32852417737819906
3.970665841751412
-0.06719483655319891
0.6448398543508631
-0.23329101698183763
1.4760137910091657
1.5475576474268564
4.4423295449823
-0.0049971633416987515
2.0541237336955476
-1.312904331901592
0.7655676558856044
-1.7016340061578887
0.09076213330644123
3.781067112992929
2.927261404480049
0.16987006561862472
4.805481132954014
1.9602099050276252
-1.2253988684986439
0.08952236387074208
-1.159588399478423
0.6505236745013576
1.5057211475628947
0.5630445718623207
3.510303547972711
-1.1040356420927822
0.1531894252582333
-0.45356995119195176
-1.1784122350914856
2.8795084016883834
1.643735900834372
2.1440987582918467
1.1478929589722497
0.08503411485256152
-1.682347660804794
10.36169539912953
3.6150271775815384
2.6514971970217402
0.7039131134203842
-0.036429317364707
2.845348076522157
-2.5762444838704255
0.8553531165569268
-0.8372337315253731
-0.32360874738191114
1.0320392595085082
-0.12798487518415413
-1.459042495387905
-0.3049749389391536
0.8127615401515129
-1.5198877865597638
-0.5046799600559382
-0.83293399577272
-0.32985953343137453
1.3119678336160803
0.8376340182219337
1.9965954289692434
2.850381147678604
3.7263417429128936
1.6310154545077182
1.184307009772965
1.8591089549713047
1.1469094868076581
-0.5718757390021949
1.345480288991837
5.201469773645556
3.7836900086267917
3.629436155364459
-0.4168133152041946
-0.3392733589009538
-0.35595232834640456
1.9449320375422303
0.4507709089870957
-0.5587870967596302
-0.847595026875382
-0.5939834314396535
2.10189007702985
-1.1802187183179171
1.5210794389357716
1.996450695948539
4.819735072060212
2.7847609606702406
-0.6068816969879833
-0.21782257150269402
-0.5329102550630864
2.708030760316433
0.49782652057120913
3.743848967925686
-0.30502467390709853
0.10089036825436892
-0.008333411963377557
0.9596351622112707
1.9914038113374488
-0.5984789179703398
-0.43689751709229085
-0.1022870450302662
1.2333250163384264
5.346834854791155
1.5919300587676446
1.0535036572844376
1.7392229986043617
-0.0575808912377056
3.8388745989898894
1.2336339910285972
1.6362361055888073
4.800416284574851
1.10046995577585
4.977562922336574
0.2466121747777379
-0.3338329577121044
0.5286908395203795
3.1508099869590183
5.761090124441779
1.8958427062499368
1.6479712858294846
0.6863521794579981
2.417688957590343
2.2274169259462155
-0.06774052317047108
1.5213650613600294
1.0337094024326916
0.39855822467757207
2.4920503603154316
-1.522153255705092
1.7521688389418841
-0.17718801586062227
-0.16237310762559787
0.9889073923295086
2.8241291437755223
1.5445183663348132
0.11311116574609059
0.19319861848461528
1.0709823734435133
-1.7897684385216621
1.6821082636025153
0.30572861075282276
2.0751218805353346
3.746447454685267
-1.1960695685951634
-0.10235663865307743
-0.8195313073155717
4.067909731281503
2.902922385386489
0.5305247973327596
2.137140759167181
-0.6683671515615117
1.105773840615683
-1.9717942523603256
-0.531924016207654
1.89908190026145
-0.15579136928474213
2.927851914815051
5.771603363343161
1.290736442852193
-0.23500164424140735
1.9124387974292745
4.890183149674101
0.09987011005142676
2.211740621499331
1.045843768879024
1.2638645569266487
3.213973064543495
1.0674381361603196
2.401079988865888
-0.16908529298260078
-0.1231940774287068
1.6815420200395579
-0.20957716618659106
2.949237574054365
0.12980011007113035
2.2670233396072206
0.2066461747852486
-1.3861683451156637
5.499179897209501
0.11066556788750859
0.5331206860358861
1.0227074074264237
0.2617012194395443
0.5685213720268223
0.14780467553748622
0.6778673710513061
2.3304291191651885
2.7401692012169434
4.084494604224659
-0.1730837418513147
-0.9703271919588019
0.004616780531591758
1.351575778850929
0.49894007261320894
0.4796891644060679
2.0831753460955724
-2.8170099593141913
-0.2201681547025487
4.26113474995725
6.3425781873899325
0.9164566501804643
0.34815659330055837
3.4692331655348028
2.052806555153694
1.9453009832015766
0.9841570431043465
-0.9127148160158924
2.17577732972768
0.17101076564807727
-0.06972233238263925
3.4906640376459563
0.5901096146213547
4.6696310643599475
4.605346226830051
3.5447436844114293
4.280825855912127
0.22613810163105086
-0.9362681692672936
0.33022900830090407
0.44858360883353043
-0.1384807122191205
1.9448816535928586
-0.11504290205283496
2.7383057775482484
3.7674969475088744
-0.4255173411420685
1.061880577869033
-1.2058034578473098
4.6280242226648625
2.191861400778606
2.7367197963732224
7.122028435582678
0.02962986641037446
1.7710532368442387
0.07782330536224435
0.8562395215752474
-0.05753278664238337
-0.3754839679801023
-1.340421134201705
2.070880527308532
-0.41443574842361386
1.1405032303773055
0.9105015108696932
1.997113118725423
4.793246864977846
6.043702450157298
4.910826803625014
-0.6979595520086264
0.30869267251418364
-0.9338873684373823
2.098337625123861
-1.467046823836597
1.5549413568937211
-1.364982862657257
0.33635435379659384
3.30609621011439
-3.4104061715511307
1.2747472778546864
5.39156147111899
1.832904416288386
0.23715851894070283
0.5982760791846147
-0.8792377666176208
5.011303966805883
1.732408195192221
1.1524249951925185
0.5003229015668467
-0.5246586073473907
2.264557697404797
0.48356885829167595
1.6850069334243187
0.7838143043942125
0.020959801907110887
1.5631739664515294
0.4073827546762345
3.0467810117831107
5.414302095913101
1.7378593126950364
0.8263646507207909
-1.361036883140713
5.560187084173492
0.16454647095440578
0.35179412216561445
0.657932661967294
0.8531118302526579
3.3718733791172326
-0.18095686283331247
2.2104916880791734
1.293065347519331
-0.7806123273576588
0.9051538091670466
-0.21200719578206417
0.17492814109408528
5.9738347220400385
0.575954756490404
1.6066101595869213
1.2626506895017826
0.7732586643766695
0.759663021876122
-0.15803900845179442
-0.13510414929112358
0.6929283708837204
-1.4042134049161064
0.9540299037753357
1.2304958189366317
-0.4891248782398634
-0.04604593280151903
-0.6303271681800879
4.687085718681601
3.0242455396096943
3.249005566320264
0.7019162862573864
0.12967486190979116
1.9924301646902052
1.7919214256620535
0.4733830610155678
-0.17354255898825954
0.13670536087698792
0.08791269768354937
-0.2915663487829079
2.7582869375289363
2.9289124927091166
0.6882109965846155
5.774125604702192
1.868796901640252
0.5329719916462068
3.7680439482165298
4.885976873095672
0.22141137622338647
2.6557630204009115
2.1214923806825254
0.030646132670426596
2.439048887285196
0.12201533522355135
-0.49630019025732963
0.19952585077373897
1.2479604693903923
1.0535855495361375
1.6148440691824533
0.28805342774546716
1.8189264617330991
0.7323218860299221
0.4740228310835448
2.895252860183973
-0.49847249827402607
-0.7523738474639856
0.7411902269436723
3.4143876965457594
-0.013737264027440688
-0.672630476178
3.4057918529131257
1.3607070992715649
2.7580210984822315
-0.0909875741224937
0.06788606100170114
5.03117566211003
0.021512271875309352
-0.4145212547438746
4.609420400276775
0.7123904259585174
0.3953339570284129
3.8675662954115353
-0.02349639795752978
-1.7173268744452628
0.7800972275438767
-0.3979105952287796
0.882114181056096
0.1547053809332226
1.1029644626609922
-0.5629697319599813
0.8658184815216998
0.5071851604710673
0.47903572656375104
0.4009381651123647
-0.6516481728630197
-0.6656767636760321
1.1619017733268322
0.8769063583391699
-1.5834326459566626
2.3593485512790835
0.20603587773408094
3.8806351784155595
2.3914227582927765
0.42162230022461245
0.3611028026142833
-0.7288668908072111
0.15565863553428017
5.095315827990277
1.0180712863433996
0.019771688776216934
0.19037246178751843
6.0633748374823995
2.797646765128377
4.432227006811445
0.5366827599708017
-0.6409824264222834
-0.4677034742322519
3.8595919620353243
-0.5228627276525799
1.266524997603824
0.5606864937894613
0.25874724607294297
3.0121032502628395
0.37269767207828863
-1.1388187091461361
-0.31108280423907786
1.7443754079472455
-0.42535157777106747
0.332495335252446
3.974942892723078
2.456208609898937
0.5153043353021474
-0.7111095140703014
2.5577828950996775
1.75309383170827
2.186997015075434
0.034410302848073115
-0.6948832265859721
-0.2829838679098202
-0.10269372505803176
0.2608596823338303
3.0115472409078734
3.9112389991158807
2.4590511712484613
2.4838358410932244
2.1127052193918416
-0.15682442486050263
1.5656677357126796
1.9347507414274219
0.4312867318732856
2.3339004664292133
0.7405699551860891
4.884837459334079
4.287489965157135
2.0257180440988236
-2.20483961944052
0.6198159074744183
1.6300280826720268
-0.01712671693829293
5.182070743989328
0.06666930656123782
-2.284591614349523
2.060098701643909
0.11850746713875537
-1.8204718461628886
3.9183429178316374
2.544635845505809
3.2353847620870226
-0.15915237871746513
0.38681493401824696
4.3934655534363
1.2484493490000261
0.7176283710717826
0.5399622178526329
0.615818178758019
-1.4004794398021545
1.8732408696132552
-0.07131875754197381
-0.045703355728363704
1.6752099184963356
3.4463159554368303
0.19413684100766204
0.4793644063835245
2.858823400161242
-0.06912520350817886
-1.6403878555710776
-0.9720003118509055
3.822680913040614
0.7649136344347198
-0.7294174784246366
-0.001769290389518119
-0.11826392049380274
-1.0283419693950577
1.0185695809945798
