-0.3378718169756496
0.38024121888420126
0.04879016416943216
0.8916224854586687
1.64619253309219
0.07550755250812813
1.0593915755148302
-0.12581112612911483
-0.046520015634889944
2.012423004496604
0.14004607364572053
0.12615128532689823
2.6500263609858408
-0.057158413839957234
1.5377748123912767
-0.28119942987673596
1.1685026248776254
0.2854866818883579
0.7489756301128949
1.0494220444773248
0.5978370007556251
1.3370233121131179
2.8526314299133233
2.055609066311739
0.5715443588006934
2.9957322735539904
-0.9027608796419173
0.8477918095204799
-0.781063944664389
0.26674899874944913
-1.3169825612296577
1.1263622016210135
1.5422291627406466
-0.5886920520169241
-1.7241661780955368
1.4263317341797332
0.29423947299793696
0.7810772530666412
0.09068110587858769
2.292534757140544
2.513727088323492
0.0
-0.447605531364772
0.7323678937132172
0.5706656241220003
-1.579584949284417
0.33427684605777586
1.6094379124341032
-0.13217177310848172
0.5071212922022426
0.1486241411789706
0.8357940359057068
2.560414202296151
5.210437577407085
1.020866626071566
-0.515124064526205
2.2170272046324015
-0.6704596402931529
1.8630684969328257
0.98082925301172
1.0237542977287504
2.969756787150736
6.261380098435396
2.4253145525857533
-0.008298802814699968
-0.4155154439616666
0.2043404243511162
4.0367803865587675
3.007112742906095
-0.7921616919280154
0.3856624808120017
3.299414687352204
0.20067069546215066
1.8544104341897238
-0.5928905768202952
1.8159737273486485
1.2787384548986154
2.097953996315802
-0.7010345453931279
-0.7765287894989896
1.167068247390489
0.18232155679395134
0.8382223585043178
2.7357670897740007
-0.41188567591108693
2.9413573126290373
1.7877990680119638
1.4150437744058735
-0.889857474806
3.0220495818713715
0.10536051565782145
0.13353139262451919
2.0066042177275705
-0.5229444071414804
0.9664405155596256
0.9852836033611254
1.540445040947155
-0.6830968447064407
2.325232672422466
1.9110228900548734
-0.8407831793660137
0.7529871809159516
0.511704358444689
1.4570634320080984
-0.26788756200578234
0.5215527491792997
0.0
0.2960503221223121
1.177736300824563
-1.8299806820482516
1.6827691855196534
2.7682690610952676
-1.5551325675765568
0.26674899874945623
0.09531017980430079
-0.7714248775808201
-1.4527841023887191
2.537232468789732
2.0512706647131367
2.5472497803621366
0.597837000755618
-0.24174497726475863
0.9408239183980314
1.5441147698361135
2.7114699071837407
1.7889064002456507
1.7081677983199484
0.42967936622875413
2.5854938866931647
0.07109592168372814
0.5700870878027189
-0.4461711538776427
0.5849335959197148
0.4446858212614444
2.598565968260523
0.5760218233225203
-0.27575350158651446
0.6704596402931529
0.9360933591703358
0.30084649438578737
2.655230188860841
0.7644102005814375
0.9364934391916719
-0.430782916092447
0.3382563584147036
-2.129878994899528
1.019969161348996
1.507747125665233
-0.36879372731422677
0.6754476034605545
0.7010345453931279
0.49643688631388727
0.28119942987673596
0.6488921715558931
-0.5297628247857489
1.9484132792734385
0.4068646884625906
2.711552831653421
1.8382794848629445
-1.4469189829363174
0.9707789171582277
2.6055346375766177
0.9817079876904131
-0.49054211163246464
3.139832617527752
0.37869381149587866
3.822626340759328
5.940256138760972
0.47577463547985843
-0.7939806579025657
1.1631508098056855
0.07661110237184232
1.0143519450503717
1.8582492104968935
0.4626235219481316
0.1967102942460528
-1.1587829221896442
0.6663949950885026
0.2578718288270565
0.3364722366212263
1.4638339385753127
-1.1953220488268457
-0.07241257756847119
0.39370026652858314
2.9957322735539833
-0.3856624808119875
2.813410716760039
0.6996618615811485
-1.3662536102364484
0.019418085857097367
-0.15195528926383872
-0.7230001437096192
1.854546457326819
0.018018505502681137
4.049482158164835
-0.21576344401658787
0.4704975783790175
1.1538230206404592
0.9655617808809325
-0.34435445955068644
2.261763098473793
2.052149399391837
-0.39506483349036614
-0.10821358464023945
-0.31449332990244017
-1.0710243321492712
0.7672551527136733
0.6689329224393674
2.2076167351038407
0.13353139262451919
-0.052124117989194474
0.7162695979807836
2.6018242591679623
-0.09716374845365294
0.1486241411789706
2.029291757994365
1.703869357559725
1.8787708462176909
-0.19062035960865842
0.4187103348581829
0.6532305731545023
0.16290347093685398
0.706886356443249
1.0098167898849866
0.1753528874778567
0.7904796057450483
0.0
-0.4888467170472097
-1.4596256342054374
2.728669488304952
2.002830439307985
0.033522692038644664
1.2635649015281842
0.05430534485755345
2.884029851370876
2.0794415416798344
1.6271374895334958
2.5249440228478406
0.11403250195141368
-1.2874352180809936
1.8382794848629445
-0.9663975519283383
3.8378938128901225
0.10536051565782856
2.847312268435722
0.8209805520698339
0.07904320734046166
0.3224103499646276
0.1541506798272536
0.4607299924604078
1.1869537991563277
3.7841896339182597
0.5260930958967691
3.363457053679305
-0.42578065868784165
2.8592408393009947
0.657260421226411
1.0205439152982834
0.7089702954991992
0.4075681583049402
1.5105920777974688
4.148865401100522
2.1654239323189444
0.016868753497760736
-1.1059923959657212
0.7052197617942184
1.0106014113454052
0.7859313366353149
3.757872325600893
0.0
-1.5151272329628611
1.167068247390489
-0.4238142467763666
-0.6504604286417788
0.29605032212229787
1.5592881287486335
0.6488921715559002
0.057158413839957234
4.906182371230429
2.81626378574245
2.436533065503788
-1.1180303745252047
0.8916224854586687
3.285198467799262
1.3429692363815136
-1.0743980305475063
0.5007752879124894
1.7889064002456507
2.316324268877338
0.15333401992070606
0.98082925301172
-2.895608483471868
0.3184537311185238
0.9655617808809325
0.36497374675342087
-0.5297628247857347
0.7339691750801904
3.040892669672843
3.361332783098227
0.918393782070936
1.0292967064078837
-0.5415972824327469
0.10260948228594202
0.9786529735891207
0.5364933705145774
0.6990123000123418
0.3854953824742182
0.7295148247308205
-0.8391010931830181
1.34184259854905
2.98876360423791
0.28119942987673596
0.2043404243511162
-1.093677053481379
1.2396908869280097
3.0155349008501773
-1.3014783746936942
1.7494091784603114
0.706886356443249
0.6800750989925888
1.881371627917737
1.0233888674305334
0.37650960968106517
2.1081909549658207
1.280933845462073
-0.5520685823000377
2.838728524744333
2.1895982296011596
-0.919710437955672
1.198695747225102
0.0
0.6135159108679389
1.1499055830556557
0.4858267441849904
1.6646589669338212
-0.019418085857097367
-0.907991929059456
1.0923817389174815
0.5974021236015687
0.07510747248680616
-0.6259384308664835
-1.0296194171811592
0.9360933591703358
-0.5239900457000033
3.8001899752647077
0.03855698788940032
2.1485551788211765
1.2829081797657835
0.4075681583049402
1.1122923925721935
0.7266698725985918
1.1736256479366318
1.6283751134538562
1.299282984130265
1.142629174084881
0.0906811058786019
0.4968765803715627
0.02395324102248253
1.9717169587271286
0.5239900456999891
1.7889064002456578
3.2834143460057774
2.5920512872393218
2.5389738710582748
-1.793543591021546
2.7590357558350718
1.6004911264443038
2.7844231798867725
-0.33135713595444827
0.8209805520698339
0.6893505086295377
0.317535035601459
5.021862356690043
1.2330490684074462
-0.27906434123381274
-0.8464812004806461
1.2299482907292045
2.195371008686891
-0.16915713485994388
2.3389527371649166
0.5285252008653814
1.26356490152817
0.04141610371672755
-0.012903404835924448
-0.29423947299792985
1.001125829441179
1.881371627917737
1.4271163556401447
4.142149019066771
0.7374021895639942
1.5010572294561086
0.2978344439157894
0.319770387003274
-0.7884573603642764
0.4187103348581829
2.5261883087612986
0.9631377927624882
-0.7529871809159587
2.438798072134631
0.9360933591703429
1.8177349556313231
0.057158413839957234
-0.25086043998599905
1.1126820977169274
-1.4024672203654944
0.8096595680148653
2.495956485974588
0.0828876598057775
2.669250451962732
1.0687593255184282
0.7492366472109993
-0.29423947299792985
1.9498705502714202
0.5898897150988986
0.4359061336094001
0.09798040836021471
-1.047318994280559
0.7062192621273056
1.5917383353346963
1.2036421711604177
0.8969667592353261
-0.19189100781009927
0.3786938114958929
1.0469690555162785
-2.325399770760221
-0.49899116611899785
-0.04652001563488284
-0.22268956301931553
2.8934534244335666
-1.222910005345696
-0.042559614418799185
1.579584949284417
-0.2593440971473058
1.3361445774344176
0.25086043998601326
0.5306282510621614
-0.7110848812466202
1.3173014896329391
1.1910693994900257
1.2226489882475775
2.0317371713652292
-1.6849454649422455
0.49937570755805893
1.8055603387865276
2.813200849248908
2.7596853174038785
0.8545971628688136
1.0245043165143883
-0.19889469051882713
0.4234836136108555
1.0405484877133517
-1.4323334919174329
0.7374021895639942
0.3122579785006252
1.4267857224746336
0.37712713280370025
1.3609765531356004
1.1126741753246847
2.1747517214841565
3.0241186445415664
1.832581463748319
0.37249805887798004
2.297061795455761
-0.03922071315328424
-0.05212411798918026
-0.4607299924604078
0.07109592168373524
-0.1948055760097418
0.1643030512912702
1.9348603128687358
0.690644050341831
3.757872325600893
-0.7315370701115853
3.1637858585502414
-0.9852836033611041
1.3240719962001464
1.6992942415559682
0.5285252008653814
1.1513628540536303
0.24174497726475863
1.0977335539894213
-0.1868567119593436
0.10234846518783058
0.42047156314085044
0.26236426446749306
-0.46780823868228794
1.4689860769650025
2.3215222940137963
2.3934069349224174
-0.7524086445966773
0.32690278560507124
1.536106639348553
0.42967936622875413
-0.94260804019153
1.7411157364093057
0.703299552023978
3.250107147988011
0.49643688631388727
0.32055678131531806
3.0910424533583054
0.5565229326494077
0.936574244007673
0.6653972676070623
0.12429771667758871
2.351208158825713
0.921567788975004
0.18232155679396556
1.1953220488268528
-0.3479412639699717
-0.17127172060737905
1.4663370687934147
-0.05064373281875589
2.960322025339437
-0.5481119634539482
0.044572528225216956
2.5226469777708473
0.38484582090543995
1.4375876555074427
0.19587452319866827
2.625777500190452
2.2890321265893476
0.2186892009648389
2.459000779452161
0.4446858212614302
0.8070914399091649
1.7235911800399037
3.4188566272364227
-0.5556553867193301
0.0
-1.0677598251853553
0.14825095770005703
0.03790228441691568
2.3453414609796255
1.540445040947148
-0.16228080591051253
2.4521258100364136
-1.0558426122802587
0.22388545324967168
2.689247074139118
0.038389889551652345
0.9233801668446304
0.04189094170915553
1.2478277333086396
3.5543623541646596
-0.1445812288111199
1.173625647936646
0.950976289862048
1.0920548881219574
-0.42698624416203756
0.04189094170916974
-0.5987157354343111
2.378477186941261
-0.6893505086295448
3.118792366311226
0.29221722761717217
2.9512805109831532
-1.4102476021423769
0.0
1.6094379124341032
0.41871033485819
0.8275972687015312
2.821709519574739
3.8001899752647006
-0.039220713153270026
0.853855260933372
0.4424904306980011
3.349904087274602
0.8246693920996222
-0.5757140836678474
-0.0400373730598389
0.5520685823000449
1.0168741864093391
0.8298622753323812
0.44970680870994073
-3.7202778755714974
0.0
1.4835788752279342
1.9059935416498632
2.153230585430279
1.7092136313364037
2.1355310083308794
1.6739764335716742
0.5940403288252298
-0.4580750583804658
0.3316760643577368
0.16900157207282973
0.5115772209452984
3.5481086902415626
-0.6904769520040617
-0.28030196515416606
0.6883739018072816
0.26236426446749306
0.6475058996037433
-0.39531273664413646
2.669250451962725
0.17535288747786382
3.083155088525146
1.1609554192422564
-0.3099878299660759
1.2829560908428377
2.803360380906547
4.033935434426546
1.9300870341160632
1.4105833772115943
-0.8656469990554001
1.2395637494286404
0.36318962495992935
3.8097229359234177
1.1144354036073594
1.5584714688420789
2.465488563930897
2.5418935811616166
0.25398465683677784
0.6135159108679318
0.5476142319506607
0.31073784875169963
0.9027608796419031
1.0098167898849795
2.3978952727983724
0.3500252030259219
-0.09068110587858769
1.8544104341897167
1.0237542977287575
0.5836169400349647
0.9707789171582277
2.8613842210229166
-0.2434270634477258
1.6094379124341032
0.17869178874336455
0.6443570163905221
0.1417362766788699
-0.04879016416943216
1.6787726058351566
3.668018202156219
0.6523999440108028
1.194403353309795
1.094942559779149
2.633157607488073
0.3755721841201023
2.120263536200099
-0.218689200964846
1.0414538748281572
-1.6999519199749358
0.9126210029851904
3.5712311076624275
0.4105690200263439
-0.7032995520239638
3.334146747235067
-0.04927104900679069
-0.17275210577781053
0.8016913983656835
0.31073784875169963
0.34435445955068644
0.10008345855698764
1.3678757755958628
0.06346957394866592
0.45376132314431317
0.7108467576593398
-1.0582880256511302
0.0
0.8312137283498515
1.6849454649422526
-0.12883287184297387
0.20705941927686666
0.20067069546215066
-0.42777086562245614
0.93430923737683
0.5143282543172063
1.0173719179125982
-0.08066537269987606
-2.9103645977025607
-2.012423004496597
-1.1293839473348513
2.248517871723763
1.0143519450503575
0.28030196515416606
2.169053700369524
1.2874352180809936
0.5004446547469712
2.882287639496205
0.331937081455834
0.10487963082046292
1.2036421711604248
2.2408915239886937
-0.7288652631620209
0.22705745063534266
0.45902855103025075
0.7084146526907418
0.41871033485819
4.092407202881873
1.5985088419019036
2.6855773452501595
0.7119902683614256
-0.544690137718753
0.7652329073329085
-0.06346957394865882
-0.563954189534023
3.0604862887124327
-1.4323334919174329
2.650107165801842
2.6051928156625124
0.49474149172863946
-0.9183937820709289
1.4144652380866063
0.7084146526907347
1.4643627344897112
-0.5919372786284356
0.619039208406214
0.9786529735891278
1.1394342831883648
-0.9162907318741489
1.1970041350098413
0.43787235106293565
-0.6952502307567201
-0.12306009275722829
0.18232155679395134
-0.4342855466436646
3.6092481844219293
1.0245043165143954
-2.170259285843727
-0.9650808960435882
1.1149391819555419
1.6384254493073485
2.7114699071837336
2.0563857653799147
1.8505999692509931
2.53599385903442
0.47510754116390785
-0.44323233263347106
0.2817823503245904
2.3333567516607943
0.1749414494963304
-0.27477866761586256
0.5767368287155534
-1.0424420172010542
0.5978370007556109
-0.24174497726475863
2.0765884726974377
-1.1685026248776325
0.035470179448296335
2.2124920494670093
0.8219800524028997
0.6286086594223761
0.9967544035614821
0.22842060841504974
1.1451323043029973
0.37729423114146243
2.2793606399626825
-0.2311117209633906
2.6092043664655833
-0.11300975690372184
0.8312137283498586
0.10234846518781637
0.8303483020734461
1.1348991280229797
1.475906519809584
0.194805576009756
-0.009569451016147923
3.2415234042966077
0.6418538861723846
-0.32404971662266746
-0.950976289862048
1.2395177417453453
0.7374021895639942
0.9194856227706651
-0.5587991280288804
2.231126129011905
0.15415067982726072
0.0727434051919218
0.07241257756847119
2.552045952625619
-0.2535794349117495
1.6433394641097863
1.9248099770152365
2.2617630984738
4.841643850092851
-0.4314405945114288
0.10903024454679411
0.555655386719323
0.5143282543171921
1.7917594692280545
2.224326507114
-2.702150478975028
-0.1119179162039643
1.4271163556401376
2.4137183877376174
0.8171838801394244
0.26236426446749306
0.9762940978463348
0.3133498192003543
1.527541636111252
-0.22842060841504974
0.244664687368072
0.6380110121007618
0.08993108709297104
0.5608482699520749
2.675424973786143
0.5963704085935184
-1.059391575514823
-0.10234846518783769
0.2876820724517799
-0.02490653921435637
0.38509530245288204
-0.7454399752805685
-0.17275210577781763
0.16874947924841877
-1.2257976770028804
-1.5004476287256878
-0.14004607364572053
1.0348964742820073
1.041163202501025
-1.405712446977006
3.733830841976193
-0.18962085927556416
0.34435445955070065
1.0192191425633723
-0.10000870058587452
1.134657222065698
1.59533330625257
0.09839184634172682
2.761659651707589
1.7358386793084577
1.7917594692280616
0.5297628247857418
-1.2257976770028733
0.004773278752665533
1.4108354700360053
-0.23464737579568862
2.439592219627329
-0.5342979799511269
0.49899116611899785
0.1541506798272536
3.2843717419620972
1.0382031608725484
-0.23638877806423153
0.5760218233225203
1.5128570844283118
-0.7599637726242889
2.1325189578608814
1.439783046070879
-0.34484048629173003
1.4643627344897112
2.6864748099727223
0.5565229326494077
1.390254762335985
0.2593440971473271
0.0
1.4263317341797332
0.1914744279248879
-0.25086043998600616
2.8473122684357293
0.19782574332992908
0.34435445955070065
-0.4105690200263439
2.790937860907974
2.3758764052412147
0.15398358148948432
-0.36545977349447156
0.5260930958967833
0.0
0.6255538894274224
-0.3500252030259219
1.9484132792734385
-0.6641596436866877
5.650471016112412
0.6123625709509497
-0.4795730802618863
1.7247888431218854
1.6004911264442967
2.120263536200092
-1.0508216248317552
-0.9809040109828402
-0.7230534129502715
-0.7739317901689446
-0.8292793548845268
0.6182891896206115
-0.16915713485993678
0.07997309160613497
0.5919372786284356
0.8545971628688136
-1.194403353309795
2.3169738304461447
0.20430838590497302
1.18377009700842
2.6500263609858337
1.507747125665233
0.5811369239892983
0.41871033485817577
1.6450288575367935
3.602494839915124
-0.0336166107989726
0.8425993396056555
0.035470179448310546
0.1496963294778766
0.3479412639699646
-0.2772899146841752
3.8825814802599936
1.539668341878972
0.49899116611899785
0.7958374676618902
0.13094745759039483
0.08515780834030551
1.177824172740003
-1.2262785618402319
0.8266785731844593
1.0176908463158725
-1.4649774492773844
2.58271995981044
2.5997296438159125
0.09146572733901337
0.36497374675340666
0.8303483020734461
2.6901125004155446
1.4333083258880706
-2.436533065503788
0.32542240043463266
2.647187455698514
-2.2229937841404137
1.9986607144408381
2.57736376060992
-0.7230001437096263
3.2204874287625493
-0.4446858212614444
0.9967544035614821
0.4229975868697977
-1.5010572294561229
0.09134977858821713
0.9619320128303599
-1.6403598227726874
2.6729588812909384
0.7031975164134394
-0.1910743479035517
3.129515650556815
3.2684886957890953
2.2542115087098367
0.6123625709509497
0.5624607400676638
0.8070914399091649
2.43426291696926
1.4643627344897112
0.30538164955118674
1.5293952047605615
1.6283751134538633
2.0457554840250225
1.5582156432960588
0.8125775052665958
-0.24946085963158282
-0.07174390485884174
-0.1753528874778567
-0.16251892949777869
0.7958374676618831
1.2422878862580689
-0.21567715049482672
-0.6873332106945327
0.018349138668185105
1.3855176620517113
-1.5517009622748645
-0.15415067982726782
0.5071212922022426
2.721295427852233
-0.6778797084291526
2.1441147520222827
1.4722021882458236
1.9050881545350578
3.139832617527759
-0.29423947299794406
0.6484112867185416
0.3378718169756212
-0.12704875004948235
2.459000779452154
1.2237754316221157
-0.41440811172797254
0.8351444743369214
0.20204337927413007
-0.7419373447293722
3.1769848831590366
2.800507311924136
-0.30150417280475494
1.2321436812926407
0.38439183261053245
1.495130610786461
2.0794415416798344
1.0743980305474992
1.1254852397939388
-0.3220834991691177
0.9697794168251264
0.3328424685706395
1.4787514719418056
-0.02547976441836397
0.3056197731384529
-0.8754687373539056
2.155333635627059
-0.41098028879628146
-0.7810772530666625
-0.5706656241220074
2.4190974804489613
0.4953961952011312
-0.6380110121007618
-1.0743980305475063
2.0162196764270135
