0.4416232604610286
-0.26195932996449756
-0.2978184112893132
7.340888731610903
4.890766515883115
10.583536748311872
20.231837834051134
-0.08343970319731397
2.896664038439326
-0.0007865017495305437
-3.1005304554741997
4.241152734535831
8.68416233054279
2.0792611174510967
7.394944483144286
2.36960951912738
0.2962797875978822
6.221428744359741
6.555012340531107
0.6392334638292141
-0.42580266811387446
3.632823672851714
7.518786723052926
0.20705580643686972
12.104327375213643
4.637877540314776
4.063780307231582
3.630752668043897
1.8900146039887886
0.8374740462347745
4.417710172469924
-3.3380156618133014
-1.4419435148498678
4.303593107726783
2.202739390409647
8.721795869064294
0.4834901671749776
2.166310967924119
3.4395754676435217
4.013527376233128
-0.6630838731348376
-1.0741269247548644
8.857091071398713
1.18981488099314
0.9901697560104594
14.824445760067078
0.38300319998313626
4.92049141691416
8.96748047119786
0.4087692102384608
0.7060334628548617
3.3925500566425626
4.322472351796648
0.9750617282639951
5.030174960151044
0.6244058619436146
1.1468865063392286
5.121196523295453
1.0077180432795103
3.060357708117749
0.14397429768416714
-2.8675338313767043
5.034179881090154
0.32481860772611526
3.620373155230368
2.2610395880828946
3.5355392801062635
4.038093530015431
-0.07049974673316228
0.4536948161210148
6.43460877358757
2.6593038700221996
2.091795960384843
1.5390344502902735
7.173529925163393
0.3948619980219519
0.865863401034062
0.3558894691329897
0.8532666437753278
0.4999224975562129
11.545017619547252
1.6419723939965252
-0.07642550971343098
5.010961957556788
1.1000686856293669
5.6926824799234055
-0.5611138643221238
7.196435237493688
0.5306306894112822
0.8181275830728509
1.5539856441004076
0.07776553189364677
2.876718696772059
-1.0002533823718522
4.317379431444124
1.1407108509117734
2.044548593386935
0.44912062819821585
2.887201378246573
-1.7647425666075378
0.5286234003409618
2.5248104420033997
6.976723937452789
7.3355318030323815
-1.1412430184944924
8.025027906270907
2.790476441237047
-0.7051870022575031
0.6897106201748784
0.8760347910496193
0.7470345835653234
8.900165294749513
1.7875244770594918
0.8700845893350788
6.50376413877666
0.24524605307829006
-0.413200788487984
0.8539234382687937
0.6115309017091022
4.155376199301713
5.604673549892141
8.96769375237227
-1.6272657745656716
11.783661805403312
1.907740571794875
2.662633510730984
-0.33713218407376644
2.7405835887554986
3.2225634887206525
0.7161377426966737
0.6462908832119183
-0.4320670896200909
1.8818010787377943
-0.23208575031037526
4.503571273634179
1.2569388541083981
8.67650798868766
0.7106173638936752
13.001013485902945
4.968594052872959
3.390436093887729
4.373386174347161
4.950338926369568
3.157111786740984
0.6709858749686646
0.4100450233910351
2.817863854971506
8.812338334159222
4.5603804533727725
-5.731688154310746
0.983612175818962
9.44537173661115
0.15497503204062468
-1.0195688619570547
-0.6406300885528253
0.1246124886367852
1.921732938348896
-1.379868332095839
1.7113605929113191
4.29302109338596
-2.6774931598034755
2.2723467905185544
6.870570600207884
4.01174351605539
8.170676001455377
1.636020448855561
2.8144562192926514
0.20982333974291123
-0.17580085830229564
8.191649606276087
9.13428167862105
1.9243240660603078
0.7023392552890755
3.7279173646732033
6.060112212019703
0.12955940644280872
8.306291573768249
-0.2839979401497885
4.154761854639901
-0.30318762390606935
0.9307160027351529
5.985320291291032
1.1653818197511328
4.344630151518686
5.111581010456803
3.3295485850967452
2.0945239234564497
0.5084932130603192
9.776035810533699
0.12146000469874707
-0.9013167652595939
4.62438309880099
-0.6017011799442571
3.2681555909782674
2.9390682092426914
0.9997353512870859
10.11810386349066
3.039283348268782
4.2278549706074955
0.11280133599632336
10.142557368024882
5.914750601421929
2.6004944003933588
-0.22290992306579938
0.9690987795454475
-0.62362276260626
2.1393244474810444
2.9284345105147622
5.83111175772774
6.794760420217358
7.342486733830015
0.22539802652272556
6.786530124074261
6.062272702907194
4.511894525234538
-2.976985017882498
1.0027858239839134
11.861772630227165
0.3230282648779621
1.3204837450441573
-0.27361517054237083
14.915586021958688
2.0928815864567696
1.4915372360217134
0.31343384144270203
-0.1100658576206115
1.9632513129981817
2.931984191031688
0.3910494235500437
0.5287282535852
3.6317539869517077
4.40112833199089
-0.0349677730497433
6.503512508200856
0.8230480573400882
1.5057978585692808
6.668408556875761
2.0810479877367243
1.0390209103020425
13.058173935099774
7.301523043140833
-0.060782161840961635
4.928378875415774
-0.860482908403128
0.3854133214719013
2.891793039648178
-0.3781220761874238
7.7004922386790895
0.6383501139957843
2.1869899191186732
4.184215581259991
-0.8575254865943407
2.451894115939581
1.067120301643854
13.75800123784694
2.6606902719297523
12.388370194237154
5.921997097615304
4.0889960912414836
0.6962499761527852
0.5515371799197055
0.20165573070880782
0.5722225682534372
-0.43292467786875477
11.913449015179935
7.481604401263439
3.200636451244577
3.353100551896887
1.4282647537387447
4.454221755620438
8.122724448850704
0.1644869654970762
1.7000908581827616
0.7845909999440437
0.8559792033540816
-0.11956577400917467
0.5876308328771529
3.8376705134153326
1.5254272122668908
4.762972905108768
8.222520213074858
2.7698939290927456
0.8246578194688254
-0.25054246917056844
7.3328579741570366
9.472160820781028
6.69235871803744
6.052207295875405
2.2634326734282695
0.8981846786188044
3.144495325043522
-0.4892052534959248
3.882351541135108
5.47390449380589
-0.3836685539623659
4.030443795167457
-0.6228302060042097
4.029953699410953
0.07989715055919078
9.97632063918536
-0.2997989625056334
-2.1485448081381264
1.5859103194038653
2.247471460357474
4.402500357164286
7.440735607552597
4.635195405363447
0.6763907073502651
-0.9142395818197429
6.842633355187786
2.175254351714102
3.6814050516543375
1.4995737839959702
0.8010444263096019
-0.8083390376291391
7.45990639784884
1.0478875759412176
5.521514876919127
0.140924909201658
-2.290387533334865
14.334999258847347
10.690394201521826
0.7194559718878963
2.5360334985758755
3.805921467584767
-1.0390611165848895
4.7535114487833425
4.544088221748439
0.08670587086510295
1.1764134810093765
-0.3246640543441117
15.180381939573408
-0.3317870589012841
3.61245354127675
2.7525587001822487
-1.8567862102808022
4.505483358233278
2.146606662819977
1.2210556586919665
4.899891950948927
7.431896542223399
0.7591433713259903
0.9153701182450504
-0.3009528440926488
-0.2705771022186809
3.109779828282967
-3.1469483835702476
3.9403198497469702
10.977811482088782
0.7280733108777895
-0.011947665896741455
8.317765849873126
1.8114880489114285
1.7357115683004167
11.973649774757178
4.87444049395674
1.083539997295702
2.3588816848272245
3.0646156554166737
5.809331311207188
0.858390061771729
-0.9241116175863908
4.621456128511113
0.0961019697510892
1.069673405078447
1.0837134389568064
7.325536770279427
5.982142365366144
11.555412590335663
2.6662263790013867
1.0084678226854749
2.492179609737832
7.031786557868827
2.592224289726005
0.34250543535574707
0.5090947040536093
-0.06429074891468645
-2.614774586895578
0.7327462684735337
2.8554858726815837
7.298084358804658
0.1937167761160481
8.957825275767618
9.650334707614434
5.380778581006439
2.1346375464335097
7.7275724764544975
0.9008526283536185
5.024809172637674
4.461727039964785
0.852106857649801
16.913523642763096
1.1557257561726146
4.189009544526471
-0.5904265691141859
2.4020842320416023
5.872079031915632
5.616645974477933
4.002798827943479
7.760161553374928
6.530556812782493
4.3238695793668285
2.1697455759596096
0.9570398523758286
0.9669852454810552
3.408547806741012
9.54795055205011
7.697200337042204
0.21058544929462641
2.5906167982863053
1.5991707196258176
2.8914984034521467
13.193422780487026
-0.6626789852429056
0.33414095028820157
11.244096826777195
10.861910120008758
5.165138591569871
-1.8175647640255193
0.9250059060699414
1.2381004119540648
3.727101177512168
4.914671838549793
1.3260753448087144
5.576623432503652
7.117618956570254
-0.15986399791313488
4.34678495576668
2.3657815271062645
1.1814620243937952
4.306840238679683
0.3324912276474379
1.6212049337740382
0.5853951372623669
2.1780695494346674
2.3679857308636656
-0.8393099921822795
-0.5846637591906756
13.200025738327213
4.825372304904704
1.5693552234124581
10.019718307017001
-0.5802586942729704
1.7029196610670851
2.8487222470803317
9.021047780730953
-0.2545205104769366
0.6658532611058945
5.909968549862242
4.512432326051567
0.21476097496463353
7.2285560130939075
-1.173420344789065
2.192428183496645
1.7901162466108644
0.8494018852079535
7.897434802899795
13.313774468261158
0.5477953357528804
0.30746555496432393
3.196731875347723
3.332008107831257
7.706274569907578
7.356242233050921
-0.20065369810026823
-1.5520482419428845
0.11309877661722112
4.150329924834182
-0.3994634936840953
-0.44911932169975444
10.846831299103997
2.165265424669883
9.086189658885246
6.527122885882022
3.7324175547654477
-1.3145261796025807
1.5299401121677647
9.342677647039409
-2.077904097604687
2.6027539582647705
0.9115260605616413
1.73591998429049
0.4449445091619282
2.768117713007314
1.4786806818370906
7.04686283558749
-0.21723835227260224
2.7799304955053685
-2.6125251385358297
3.790807472025449
5.233086239275963
0.30190368404930723
2.76609807260445
-1.020431674097665
9.070393390324739
1.4297447006346147
2.1780529638494954
5.81082196347927
9.887155878835415
0.4635709902840972
3.792459809190291
10.488772106106694
2.6673019895822563
2.8897686556178996
0.7163207706759067
0.3707742192768819
0.12125170303727373
9.808504873233233
2.655280692355859
-0.2703498147850496
0.7782376652614857
6.16090937108163
1.3967541539190051
2.2391420752110207
1.1288202403547984
7.314593627153613
0.2487604041115219
-0.4403232882300472
5.769579939089908
4.105932215226289
3.8705110554246858
3.6661209186486303
1.5228734136403546
0.6261583910762738
-1.4735974560284149
3.703185216693896
4.497444425783101
6.839890389921038
0.46134951261171864
1.1858465417359412
-2.4700364368088685
5.657355311076344
7.857392871971797
0.6713470552077752
4.13373540820578
10.553780038177479
0.5454991716062523
6.771763401545286
1.6718043813342547
3.9836522686352964
2.619198053907212
0.10005416977742243
4.375470767552088
-0.18207808264833147
2.438281714048003
5.74246043330686
2.3079948206318477
2.515368893724485
0.8586383266948587
0.754517122170455
-2.945225721392376
1.7962529988591314
4.064551725908359
-1.036341010469073
4.129913203489195
1.0070444399874532
1.909881322797105
0.49259681175294645
-0.6389360485367206
0.21296338328909314
0.4872830762233207
5.84344959229918
4.511996673333783
0.7497718597725225
-1.2860013089690483
4.321471120866818
8.726834828116012
1.940535500314013
6.120802198003332
6.654239185397273
4.666022733345017
0.7590412850548773
0.6872237456259427
5.786088732184112
0.3361795198378559
-0.14009967295100978
3.206566999568963
0.28844933411323836
6.094598781840659
3.045294583595023
3.483598295372758
3.2765707299737414
1.4273475625079755
-0.23825550328854206
3.077826034292343
3.1707011156498766
8.261659977355407
0.3995617492408883
1.5340734968179959
1.0546979181915503
2.210148333094594
6.221024428277701
0.07210838105004314
-1.388279554982887
0.5893255108346693
0.678435093983353
12.446014584679574
-1.025169511868853
4.074901579690277
1.9341166362847844
2.2856548367051346
-3.1074105132454406
1.7805636545841708
-0.38453984793807194
7.133050369635384
2.1332980788129134
2.4463574254789364
0.9539552525932322
4.890856242255836
3.182330171378453
3.2913052465312376
13.583921822495427
2.999427991361131
4.598000191788742
2.033278213701351
0.3275412798366233
10.274968007036364
1.9534721094486258
3.5093391250288732
4.845965377214043
2.3349878972645683
5.007881360883289
5.51151906946302
3.4907525152807466
0.27799555572960344
2.71937097373268
-1.9202321572577148
8.692273348949243
-0.6551912568994567
4.1401441515521356
6.929754167266651
7.064374874209648
2.539425764835755
-0.6221317091453784
-1.3330906254102501
1.4933745687338842
5.003584285512943
-0.014252560499471656
2.0986202141617696
-1.8446087488629246
3.2283294829591114
3.101799231881955
1.0819035237479966
4.216788299657651
2.784492838957476
3.2840012848124616
2.3586250754367484
10.033473622920724
2.9465028578806596
-0.5613286387383596
1.98029180949095
-2.1425243880759126
1.7776122902939733
3.4044662473113476
-0.1963493442899562
7.868232459842488
0.5709081954133808
0.26651031826634153
0.8963510150822458
-0.6237920611210939
0.22175355669025976
1.2693411097525313
10.246113246769596
4.538184763741583
1.1746855688567166
3.9596375096572274
3.497708619150899
0.4001688255989393
10.756298048169924
-0.5368624731279397
8.353041717166207
-0.15179288419869863
5.3690633456079695
5.131922229932684
2.8908057428828897
1.4009708544931527
7.1056711343397865
2.5004670690009334
4.600091949289094
3.5354326805040728
4.451782948900018
10.637076433429343
1.1126667965812658
3.468012912310428
6.46457036412437
5.907030516512009
1.891066140198859
4.478634129687862
4.80457095877739
2.433087193438155
8.510472578314193
2.064893983705474
5.137294643987275
0.21187717962720853
0.9106647329281259
0.8821665299359438
3.1509048487146174
0.4992300758813144
3.128531445473527
6.089007926034242
-0.20155370695465535
1.2939897435088028
5.196221143469188
3.122916364721732
2.9345023251329394
12.758903489515774
0.13389067034836444
5.245517275277621
3.4665280248156023
2.3438894488538153
1.35531236807185
5.7296742391301905
3.7888198755115354
3.5006081002940164
0.5580218433918844
0.2769058752394358
7.321006756838301
-1.0740742192693915
5.143661703838916
10.798242953675071
-3.4715510773901315
0.23061021488558708
1.1926644244915678
3.115380346974405
-0.3483063183301738
2.2939867138352383
-1.4273455047311927
10.014457702206187
5.535476943623507
-2.665679142664885
10.88082381829031
-0.05429467351177664
8.602190613427865
1.9879211471956069
3.8781465401968944
0.4208164672093062
2.107178046214244
0.6209400588024891
0.7757432318726387
3.3818743393497925
3.6370758558571197
-1.9915698209847505
5.210855017283848
11.158765903772291
1.9600708492708918
1.8230015164950828
2.674259342134633
12.129404114140812
3.717492018284929
7.413834104488728
1.3911329251831148
0.9366196993868243
2.3510609238926463
2.156883216198821
1.821668465692028
-0.5836390734644965
4.110120869924685
7.398775324114922
1.9038905650021434
4.669238583886113
7.50877247063579
-0.9116029461574726
0.4504536055464996
1.2675596169815435
0.320850180846719
19.496963652509976
7.55734072434484
4.942297064385457
0.07658430160336138
1.83805538611864
-1.6049502320091733
3.240285820610552
-1.459230684195063
4.083051831376565
5.982155315157229
1.5591745171637967
9.52803378256749
0.4660187300328289
1.8383458922263571
9.650059774422289
9.802441013234898
7.693960840095997
3.0141513096535846
2.3159447400757927
3.388996779316358
0.041281973161744645
1.521716339193972
2.23968495991312
2.654948608850873
8.036084224027718
-0.21263973430814076
9.460898530736188
7.557910753056376
2.830622626139416
0.6985260535450379
1.2394298783015074
5.825760131155448
11.392144392250316
5.63214405000781
8.353235492386148
3.180141376196616
7.017250417674859
10.062307371437328
4.011772339736467
3.4324371992618126
10.867335171334048
2.946179505143732
10.530797955993876
-0.3862176990990065
-1.7624663930670295
7.988820423301377
0.8406502834023968
1.7989099490030185
0.5563586362394517
1.8539888976342809
-1.3306071285333019
4.687786245295115
11.31881363202524
-0.5468728285048883
11.366655259793106
2.824798383719326
12.338645342323673
3.28907307874033
-2.4805083307016957
0.27478542829180697
1.2277895748450192
3.521131281129442
3.1117097487799583
8.122317520061529
4.435847633958929
3.4631199110336865
0.0009492861070157232
4.764941456021802
-1.0748236453752043
6.445438611247255
-0.318493286361786
5.005153128402412
7.903418002044532
0.19433647513164942
1.1129614087069513
4.682724259794156
3.150667645483395
-0.22279672768320324
-0.3203529599729791
1.0865339511144612
-1.8392880501052105
3.1812447404383875
2.9234025939449566
8.26368362757023
4.694535715715119
0.2177325419332874
1.027745335047257
10.17703318049746
3.816204718790914
0.46689538776684003
-3.3821512070948074
2.267326633475477
2.3265598999576014
5.585083501964391
3.7169436837498324
1.1558897702428794
8.331206853714775
4.668064462527354
2.2469606626568748
1.0977818923660152
0.029117570435914786
1.487246390533528
1.3882287794252761
2.3523185982938912
0.12268545020538113
0.5923124743105745
3.674638755490605
5.754286728482043
-1.240378733295529
-0.04120168686341685
1.5401098445225898
-0.29194547564145523
3.477106036346072
4.516327205084735
0.27508786172165856
4.692559065274736
0.43423705190230066
3.110452827626659
-1.2842730903774964
-0.6879532549726264
7.520203155539662
0.7335484359055044
1.4026177686553183
-0.8241353751039924
1.3840226311888273
3.8769981880373052
0.3170760134852344
1.546578331391629
1.8006862181009637
1.1119727387642797
0.9755233736819946
2.523533642880693
-1.25131844328655
5.81192422382594
2.245506601207694
-0.14034268039858944
1.6167537977329403
1.8991021763599747
4.358731266925247
-1.0384736655590814
0.1535963980040833
0.21598579695535136
-4.04753679325313
12.72675039654166
15.917447488831954
-1.919917625592916
3.2075350534852305
3.313267223959656
5.116639884031088
0.45648284174717446
0.9390712098090717
6.1357582944674505
0.011172650855769461
6.343252584658444
6.478544813639246
2.4138890800408035
-1.0927716298637051
4.961777879893475
6.0551839922088675
9.481749297875467
3.1559827215068026
0.7865987217506927
0.34499307624537323
12.956383513130731
2.7452396416372267
6.095001927572753
4.827826983899627
2.221725343114713
3.2883303721278025
2.9907106121702327
0.34325130376214474
2.659857288491139
0.3003194662637725
-1.3585303381616995
0.5264765952261996
5.335687387158032
-0.9447981753065733
-1.8632751536044907
-0.5999012785929381
4.448265238062504
3.879154385431548
0.48574722334467424
0.6585910912847339
0.18180970739399527
2.8366445814264125
7.7272281022599145
1.5583483943112242
0.03416940565011828
9.146369248798692
0.3205669457535123
1.893694969751266
4.383421904961665
4.600215602053936
2.6998131809796178
5.609119721698903
1.1179504465657146
0.5341774938623303
3.469478752164491
-0.6447135731127673
6.221989446225734
6.590569124077376
0.02723309666714613
-0.4037168766938066
-0.7978481207539971
0.8093992135757162
1.5918241786037015
0.26988718025563685
0.6929914669336767
3.59127799027317
-1.2872489392742636
-0.3209630626290618
7.854467251023721
-0.6566735810727096
10.172538953494495
-0.7722347360447657
2.514221341682628
-0.25036095526468216
5.220295234302512
-0.9467159989051197
1.6411412782841808
-0.18597055923157768
5.0195193016770645
4.406561531622174
2.1626776237063723
5.3446239767311
-1.5876806298224437
-0.6652199558540133
8.09677036227265
-0.13521769104534087
11.398337944217815
7.475050118350396
2.184720466566091
-1.1703495867855054
1.032403902402507
0.9394762959815353
