-0.29533131369765897
3.883488471014843
2.9398305947752448
6.641987063012323
0.8869613730868195
3.500806002226696
-0.10058723690517013
1.8765945667951058
-0.5899629443247107
-1.1149391819555348
-2.7990731288949036
0.6974344325715691
1.4283539795605122
-0.6410580759633717
2.011125459752705
-0.22758997927134317
3.588763586424072
2.6061923159955995
3.1108450806544994
0.12289813632317248
-0.11349064174109458
5.335498695160794
3.624678972520499
-1.284630470893461
0.4603533734135823
-0.3312551003439097
0.4655111936053373
0.5920739169137619
-0.20067069546215066
0.20204337927414429
3.838537698300769
-0.4323495947846254
-1.5019743465794733
-1.1016243391380982
-1.8660293978158506
3.429677671410076
-0.7090626358658199
0.2599321594988737
1.1209180461823962
2.516137972907792
0.9105596864784218
-0.7883553247537378
-0.3465225724746972
0.7176422817927914
1.4517113728298199
0.19004182328937702
0.1699929059073355
3.0024216285031287
0.8653242882821388
0.5091435375830144
1.1697082103518426
1.442804791784738
5.39157289183872
1.214699929739254
0.3232270098712178
4.48780206750061
2.9641570192766125
2.398470026747674
-0.21007146974683621
0.3513978868379013
0.26438650984829337
1.344403419410746
2.1077810953780016
0.844705001079376
-1.7360006357425135
1.5751733184600027
2.0939132036016304
1.8461535412938588
2.0772652622572423
-1.0165473356137937
0.44225371629282506
-1.0327010837185497
0.8965901401885077
0.12413061833983363
2.7061645940067507
5.041866617216058
-0.18841527380135403
3.0507952127873637
4.2841809155185615
2.008730161435203
1.0057549033669346
0.7388444894433945
1.2316627964552964
-1.5798674551129608
3.1429238100974572
4.2409671475548265
1.7634406050644316
-0.30458583934216676
0.9597157725693819
1.8753239185936508
0.43690543948456195
2.2364880721533
2.254767532615247
1.335281909844582
-0.03118292743667439
-0.04383404499023413
2.412036301554643
0.5185458902614073
1.3827185013428718
1.089665502678315
5.213834169316165
-0.05187183070682977
-1.0935292264474725
-1.309921382335311
0.615374621420969
-1.5246219260078817
1.5704000397073514
0.4346700880827399
0.26438650984826495
1.6106434979083275
3.0675006503173563
1.4063351120033616
0.2696635669491201
8.699766732588493
1.1826116151877386
4.9182639355361175
1.1572856903532909
-2.2604767081835746
0.9943553228739859
3.156155728445171
1.3756654889471207
0.21567715049484093
0.9513928697472664
6.963285746263082
3.8727692679937746
6.957840012430793
-0.18540322333134895
2.645956552075532
2.110787954295887
-0.5108256237659816
2.2797895263687167
-0.3153050423632209
4.118674227833488
3.9668957321512863
2.3520439298730977
0.6382632993831265
1.2838215171192502
2.1728661143886896
-1.10470600567551
1.2750687260096782
-0.09520814419380486
5.345549031014279
2.2297147447606847
-0.6593723956968915
5.608781707633085
-0.24058730286758134
3.497751847379959
1.915146412780814
1.1474215639783765
0.21586335997344008
0.8375381968608409
2.38064968399388
2.827936286955378
2.738996583345326
1.4378434810534486
1.3463910621167088
-1.9328380674879497
0.6468098108936431
-0.15372971581345496
-1.2413399488298893
2.249434447587177
3.4238449610905803
1.6470111420792222
2.303253765703701
1.782812683238248
3.6272797542205524
1.792997093148415
3.4536309124325513
-0.16705408466316385
-0.007866134038636119
-0.4878048608586738
2.6052119268033636
-0.8979684897483935
4.027135812528641
-0.3360512726073921
0.5548387268127755
2.4602575145133585
-0.1256491696950377
2.613510729618042
2.9478205999569127
0.9713536711075363
-1.8901513155697813
6.6101464571566595
2.012232791986378
2.3061068346860907
0.197658644992174
-0.045768418455551796
0.11621635696420185
0.22631554869990111
2.440207178521348
0.011597743241836156
-1.4307113265580114
1.5479271838553075
3.62963887406967
-3.9372138703709822
-0.8074544822075609
0.9587409385987371
2.0434853354904945
5.487379226453513
2.9364495891329554
2.4477889868315117
2.2203661058979094
0.5300497147428871
-0.017999394361829957
0.34864685346602187
5.002645904062774
1.6493272982970097
1.024310321634168
-2.6478370172672925
0.8148868350624383
3.1406172389881846
0.5635953002923415
-0.11122563511023031
0.6306309048031409
2.0708253888555532
-0.8684113408295389
2.2168113399247886
1.2069116255701218
0.6734332804720253
2.4508897645097534
-2.8021547954323225
-0.6366037256140089
1.094165860710973
-1.0458655056525714
4.636236913600975
2.4864749068738803
4.38504838038773
5.0100762947261614
4.010808919241214
1.9102111775940926
-0.8559486158862626
-1.1663995746808382
5.676906166968749
2.9558156661485526
-0.6719449729093441
-0.18962085927554995
0.2207114463456037
0.19837365038516452
2.249434447587177
2.326726121888811
3.0026314960142884
-0.06285205082599532
2.239284195776847
0.40303300313955503
-0.10536051565780724
1.6718001541490821
0.15325321510471213
-0.8900675367750353
-2.3677021504508957
1.367491234156816
1.5074992225114698
3.1128993644814216
1.3984689779646828
8.001679174938133
-1.346050902918904
-0.9550904810136416
-0.016326893287413213
3.8693457795422574
1.9639365769502461
-0.8351444743369143
6.149510577914519
1.9651342400321994
2.527850805645869
2.362631178491185
1.7416717603147163
-0.16217877029997396
2.1642766392468786
5.106735771519155
0.41206851633762653
-0.8628714937789752
1.24922731366307
2.9099585204847216
0.6109090823229764
0.3279255306527631
1.7210712031558728
-0.674209979540187
0.25423413838426256
2.4320866375466608
3.0391011757956647
4.344100490799825
1.043191494726699
0.1541506798272536
0.7727090033961304
1.8980386804029763
0.7853623854246194
-0.19326935736999928
-0.2653763149374839
3.7244435026742053
2.90605066800849
-2.3845134077630377
1.7154752176517434
2.3156762857022386
4.073655828163552
0.05129329438756258
-0.5600966727727439
3.2610353592656622
1.1152391362086007
-0.09806121317622285
2.6934514016810454
1.7389394569867136
0.6912615734644874
1.217875515037008
0.5410187461134797
0.7278754580728162
1.0026541256886787
1.5425463182923238
2.061997790126469
3.87336399233844
2.4138591237873825
2.5807915835416395
0.19333637958791883
0.20990951331280883
7.39781351990235
-1.014021311884818
-1.83365041093721
1.119064477533101
0.43596763282664597
3.675374883392344
0.013072081567372607
-0.10073144173208703
1.8079323284736546
3.971425205514663
6.338800804024579
1.1007153388649016
1.5176494743218285
4.643321951952473
0.080248792814686
1.9819550824529273
-0.03326686649263877
0.40271407473628074
1.5695346134309318
4.672204477750519
0.8428514324300806
0.31365755885504143
1.3463777537144352
4.004116458803466
2.4838377025991036
0.4467080666422305
4.7795023527485725
2.6633507298355568
1.2976008979472908
2.1237852778921393
2.575187481187328
-0.0131453107931776
1.6506808709681593
0.7774075241777041
2.551723241852372
2.3139750883784274
3.2802632326125547
0.5037324064255273
1.76987467572755
2.888486150800695
1.5969554716120058
-0.11290772129319748
0.1206976038560299
-0.3465225724747114
3.466614393372076
0.08392971045222453
5.052018988680089
0.29993749411258364
1.1556036041703095
0.5438718150958834
-0.5527165654751585
1.625280138514185
2.25987749137834
5.261390723007061
4.829608306581527
-0.9607885021282812
0.5948249502856413
2.464217915729442
3.4990106916846315
4.391273374916764
2.491604786383938
-0.00754720563536182
1.9203635490581092
3.11181991462513
0.08041589115244108
-0.28486401686198803
1.5897240123461813
-0.5573456394008787
-1.3834763055300954
2.496296645172393
0.40271407473628074
4.1390730964702485
3.2359274187924996
0.14886848082274184
-0.21107097007991626
1.4867275639832371
2.617480275769452
0.08032959763066572
3.5487174317174492
0.14454621541850088
0.6720470085198826
-0.020544529231614206
-0.5984155370748994
0.37124652181735485
-0.03125254350409534
1.548421132988551
3.5975075958868814
3.372588704425951
3.294651970064649
3.166024030777457
-0.65077777865136
3.9243104655351004
-0.15909710376257635
1.4232388788937271
0.8679215317185367
-1.2176928690684008
-0.31701954808930566
-0.45464742990668583
-0.4222459896904951
-1.4451348611428045
0.5018788377762036
0.9408666379229942
2.2190494500131734
3.1108450806544994
0.36941639234058243
0.6873840967180627
1.9387126877262943
0.6467906997528132
0.7573629909242499
5.412038772283104
2.5924301468763957
0.058157914173051495
6.102775068258744
0.5571836829668229
4.204828100938968
0.32322700987120356
-2.268514493900156
2.824800712144423
-0.2047944126459953
2.4519587116986656
0.49322808227712756
0.3415873372880043
-0.39473798269484917
3.07653838230366
5.266578796302909
3.695577590709881
-0.5696661237889202
0.6363289259177947
1.6898207793054496
7.524755102847834
-1.0621426088867167
0.7034682287554261
0.6509144169366721
4.914033245706193
1.4126195918294968
3.0641092003119894
0.9073439458843637
-2.6079667425452158
-1.844961264221908
5.002645904062788
0.6987510884563193
2.480876801716107
1.0267012854715176
-0.5130210143294249
1.8171711463242914
2.4115620787103964
1.5286993105084008
1.2741712612871083
-0.7709197396989254
0.9455651587045537
1.7867301208230586
0.7989286602315815
2.325726621555745
-0.7571027812496425
-1.1059115911497202
-0.6274030739481589
3.0773223886158547
0.13930417171027898
2.2075435058780215
1.5388516819724174
4.056583013854976
-0.1715353315549919
0.6370789447034326
-0.1715353315549919
0.20761246823580848
1.6903555724163368
2.57184857992182
-0.20083779379990574
2.471517218211062
2.402687662691875
2.7927219827014937
2.9342215449751876
8.092360280816713
2.411467350343912
-0.2382232355727254
0.3277812761774328
-0.856244646376993
0.39301569156717164
6.660336201680522
0.41626704114096924
1.4646895852852424
1.0436168562587014
0.8568716955319502
1.253183932509188
2.363630678824279
-0.4436672097875274
0.7066732504222273
0.8106801934088992
0.27593634201303985
0.45454216223474475
0.9618321311684355
2.7194401964866017
9.691645821786793
1.9010766037320082
-0.05406722127024466
-0.1532532151046837
2.1642766392468786
1.382416884373498
-1.6544217094292435
-0.2723258731127487
1.9581655707161048
0.09441271508177351
-1.7954560946594569
0.14705746248678508
0.9786529735891492
-0.24469771164918086
2.256835785679314
2.7238924271822924
1.3993855538280968
0.16907633004394995
-2.2662174488231557
-2.995643546345768
0.5339671523276692
-1.1526795099383662
1.256742480852303
1.7536964304719262
-2.2025016344370556
-0.38154688047828245
0.8214015160836396
4.862398129404525
1.2387010818387836
3.402435005582518
3.601467997102972
0.24067603007583926
-0.8938178760220836
1.4168989214488903
7.280030484245977
-1.0143519450503646
-1.706601660887742
3.741091444018579
5.244807461212744
3.195105424272242
3.7499570783903096
-0.03066962305622667
3.0189567265853867
1.5230012893937754
3.8268439767035574
2.7203056227630356
-0.3124519733808313
2.4838377025991036
-1.6094379124341032
1.8847913339992601
0.8761374100635351
2.6235610654715487
3.04704467908239
3.207792964400511
4.618261378696289
1.2372667043516543
-0.10173094206517419
-0.5079379521087617
1.0374934736120736
2.0082723907703013
0.322410349964656
-2.1718047337413964
0.42087331628872704
1.7895831898054553
2.295056998499504
4.703376216438606
2.433459321358626
1.5847887771594742
2.1725754420615715
-0.9844989819006855
0.9623298626717229
0.5208160387959424
4.136794768946679
0.5119966065654324
1.1277018611518912
0.1306514270996928
1.569521305028644
0.9285461535349668
2.85586092348462
4.701774935071619
2.876309871239613
-1.079057564525698
4.205618593015458
0.9215078681514512
3.103255770642363
0.599940050952398
0.48106138782458174
0.4672525958738589
2.0047697602190695
4.485948498851286
2.003157290103502
-0.5217867327443173
6.333685703357787
2.4884283914800562
-1.4765214787035745
-0.7966541275684449
1.8983576088062506
0.9167116958879546
0.4519851237430714
6.797706370612197
-1.4271163556401376
1.6942730100011545
3.4754881942424163
-1.1096621248546796
0.48832587137148664
4.7743872520817945
5.523623899292801
1.1548424913689317
-1.1768708745481433
0.6134351060519521
-1.1486999975814456
-1.3350010667323318
-2.8598420051866995
0.8851269155783115
1.5641234822734305
0.025419843594804092
-0.22842060841503553
2.060775053002061
4.296468746312243
4.903716278735224
1.5553898023046742
-1.0681016470994678
2.0772652622572565
3.1849530528082113
2.417449996940789
0.18630106915087907
0.42855548708288893
1.9830485015463637
-1.8195093821809394
-0.42793004156797565
1.2017965249033438
4.185162306386005
1.4331989181938454
0.36189208021600905
0.12289813632317248
0.11761593731863229
5.400273930703527
2.2020169672297243
1.7245827579807695
1.1828593238835907
1.4582260538510212
1.9300832517460833
4.386901949037082
1.2314956981175271
1.8890918944131556
-0.21007146974685753
3.932535125526897
2.3455292488518964
1.7591421643042366
0.2308638178096203
0.3802412188842368
2.606976937456011
1.0775121166280428
-0.42066555802104233
-0.2092060434704166
0.8516042235396668
0.16622326106153196
3.567561378773462
-0.02906834168926764
-1.5373521856611347
4.417712308143081
3.2368248835150695
0.43153451327177095
3.284651969926145
-0.11038169756423599
1.069376848641113
0.47202587462651024
0.6290296234361819
-0.6510387957494714
-0.19988607400172498
0.8516042235396668
-0.0975055703677441
-0.050966443592017185
3.345417327792319
0.758545081129057
2.439055306862741
1.0826139088925402
2.363630678824279
5.125006261400124
0.015337088198208448
2.277935957719407
-1.0448677781710956
-0.35758571706355724
1.1711269018471029
2.4092852681827566
2.450562913714201
1.4187576320019133
-0.164303051291256
-1.4628344382421972
2.6552301888608696
3.84872210821095
-1.9371573579456935
1.0826160285462265
0.9897028097757357
0.6574482090987175
-1.8889232176816932
8.081391249446156
0.12413061833981942
0.15675372600223625
0.13798574297391042
1.7389394569866852
0.7222234446414717
3.664184311155992
2.7149858461372105
5.3052165890083245
0.8141961323623548
2.6073187593701235
1.248770528833134
-1.180850386905064
2.4028092876008103
1.1770075128334838
5.353021045852984
1.773131680989529
-0.12952876609512032
2.1606106927279143
3.3469859555649464
4.032866487237634
5.052018988680089
0.9995629331190088
2.3768759055742947
3.93752365383898
5.215655328832575
-1.730917573521893
2.1725754420615715
2.4435904620281406
-0.4490514444025564
-0.3417492937220459
5.760787650949418
3.4282993114399574
0.8182295186979616
-0.43937995777590544
-0.04652001563488284
3.5937948963999347
-1.243104790270948
1.8721402164457146
0.4795730802619005
6.67560367381131
1.8223640295570647
-0.7641064639583703
-0.14107859825989522
9.344123748978994
-0.690200192817187
-0.10333827027703535
-0.6343717432642109
0.07181092707675418
1.0463291891913684
5.5098520823055495
-0.16705408466314964
3.413369878853274
0.395312736644172
2.635881549859576
0.815350281885479
1.0826968333622347
0.8107631178785653
0.09278415607538193
1.3665344533486916
0.35484048643026966
3.263219561080504
1.230042209489568
-1.6803971958325121
0.7315370701115995
0.18744457985297203
2.5906517068848984
4.16544048390584
6.244511344937628
0.5971890175805186
0.16129100082130776
0.28550579302918777
-0.8510945323176031
0.9705310140044645
3.0834123232532704
-0.32120476449040325
3.2739387641015725
0.07469089260158057
4.567287012712001
3.125233818106608
0.4990798933272629
1.1789951555394396
2.084564564738855
-1.0216512475319774
1.281704553782248
3.655572256096171
-1.0590183920359237
-0.26227553725924224
2.52629034437183
2.5244675221390764
-0.21217451994363046
5.900918130434263
0.4897254517259171
0.8259366712490248
4.04041807700159
-1.2417400288512397
2.789640316164082
0.11888658552008735
0.6131740889538406
2.274091505254077
0.21700711478186463
3.294651970064649
4.397387975916629
0.45322274766341764
-1.4783269200159452
0.19518994823725677
0.19019561322485856
0.33708975974388977
4.580642675622386
-0.5332557600930841
1.3970214865332196
-0.9825113391947013
0.28353145872547714
1.2989602733569825
0.030193122347483836
0.23021425624084202
4.596801936317576
4.367483863179956
1.7793448716217455
2.578162175078667
0.5260930958967975
3.839462440662757
3.4125873770465347
-0.34927360584657663
4.077563680639798
-0.1256491696950377
0.881160711623636
2.0570625549397334
1.8781228630425773
-0.07174390485883464
2.6253372648728117
-1.1211120410626023
1.2189792593586333
1.2299674018700557
1.597692181995356
5.709732480149135
2.41203630155465
0.35709590795252666
0.4990798933272629
2.480876801716093
0.3706636013695146
-0.47308529578312175
0.38776553100876754
1.6800989569637892
-2.1036557998004213
3.1183076991038945
3.669461368256833
2.278504908930131
-0.15830129355356348
2.136105762280181
-1.1280112635228932
5.774069915422388
2.7707031151443218
1.9028119591556276
1.2539685539695782
1.9185099804087855
-1.3975112956442075
3.904911490818833
-1.0586069540544187
1.1490889231491366
0.6988391548296846
1.4369050696575698
5.65369476574287
3.113656045260136
2.1434050647617937
3.3429316355885277
0.6828489415526775
0.7127019047023708
3.224173765961524
4.60461118661798
0.45454216223474475
0.11988431300155611
3.141070241448105
4.3054805107066585
3.636938176551297
2.8910404306057984
1.764794177735567
4.22511675497617
-0.08873366811733518
0.07761060270493658
-0.5839108508720017
0.866235061406968
-0.4265652801482389
1.0342484911068794
-0.777601519057896
1.230258074197188
-0.5285252008653742
-0.9725304501970129
8.001679174938147
4.838361097691113
-2.13539437004556
0.7053217974047641
3.068246886732979
2.952733999611155
2.363547754354606
-1.1110617052090959
1.5707189681106257
0.3960643338234604
3.1270873867559317
3.421378868595397
3.345859512190458
4.589596552596319
3.943215628108703
-0.40961572183448425
1.8136303495882942
2.4155910675277994
4.417712308143081
0.3224103499646418
-1.6980983513255978
2.7743728440332944
0.6306309048031551
4.204828100938954
2.3236253442105834
-0.4858999734107954
-0.33151611744200693
3.1108450806544994
2.316111162856302
1.4321663935796778
0.17160235377289723
-1.691494943096174
0.08289558219800597
-0.7635396324013044
2.2497650807527094
-2.8056904502646276
3.6949620166676596
-0.3642221495740898
1.3941684175508016
-0.9444885053832763
1.4043207890148182
2.1610316567416916
1.0675004812137772
1.3956621111234995
3.5490384797743957
1.547021552634149
0.060387907411268316
0.6134351060519379
0.24776546504634211
3.9026413422842694
-1.4851722342026505
-0.592279100542541
4.889317218755792
0.7042049391387764
-1.1453802074567818
1.5866423458087695
0.768481587885411
0.05608946665105918
0.5049605043136012
2.8600246015068933
0.06454644352980665
1.5695213050286725
0.04376898226300341
-0.5865810794279014
-0.10951112938413132
-0.3417492937220459
1.3993855538280755
2.658612053757679
2.4971620714488125
-1.166151671527082
3.3945667518901956
0.07181092707675418
2.5974395248860134
0.4370556911564023
3.9514315064537016
-1.3318061758358084
0.4285875255290392
2.2168113399247886
0.18962085927559258
-0.5437735618553319
1.6757925938113374
1.806038798985952
2.5853398526513303
0.45888434620331253
-0.12873083623244952
4.368522063952277
4.9147661149218465
2.2756518399477272
0.5621380292944025
5.775835792296263
0.6421807369679158
2.0183227266238077
-0.6902001928172012
1.1292168489971175
0.6951694259407475
-0.19086826276240743
1.101551109912286
1.5824726209416156
0.17704449969313885
0.2114111292777494
-1.8519995496054094
-0.6931471805599472
3.3444919702821494
2.3689077359251343
1.9944524100709913
0.310906525483162
3.5913929948870305
0.3513978868379013
1.0620775461594718
1.1691734172409411
-0.5876846292916014
0.19758902892473884
