0.806214486788349
4.143135435034196
0.5990261182574841
7.688277934692621
0.3139763682740977
3.1534484753982497
0.187030885834929
1.3543156000257568
-0.061575969695013555
-0.7086356730955004
1.4910669771185212
-0.04303984692796803
1.915345304205971
0.7892562274678312
0.13551038042908203
0.06365259770984721
5.450474733574936
1.3293339426907096
2.4622434853497452
1.225906106903608
-0.5450294031999192
-0.5231404139840947
0.3230135007283934
0.4357348790101696
4.633633636349714
0.7994307635494806
3.6007100380612087
0.4024581270369936
2.576249026136338
1.1805379263815894
2.0671919581550355
5.6336329706568335
0.583440196520769
0.5728866634888163
4.192364569910069
4.339681489394593
4.537838751092011
2.4985933544994623
1.9479178617834805
1.81090452517617
0.7724887922042853
2.2261802941328597
2.9087070972423703
1.1819692202739134
-2.0639075515903187
-0.20095855662793838
-0.6634459090680593
0.7468962329111264
1.3683195381766495
0.36677115105294433
1.0501944946389585
0.6768348493184249
-0.035049409892508265
0.7029994155674899
0.8361085878177619
-0.01065022861473608
-0.676891493123776
3.0632570646536124
0.24719368834166744
2.2249710409524255
-0.35441798906981603
2.55397605427612
0.4428401750044486
-0.002649093956051729
2.0784774186751633
1.6553448040778562
4.596298398871795
2.841214547622485
1.8310367649720547
3.23564251059463
-0.021144149182759975
-1.0406557349158447
3.7070333900115884
2.2229133253233613
1.9084654211980592
0.4096679746892278
6.261617252816791
-0.3036509930534521
-0.2461264804030634
6.381965659388129
1.3108733086198754
2.8545149283100955
0.4010546696890742
-0.38945049914900665
0.6278383906667386
-0.892251891844694
1.4131499161881038
3.839025238854333
-0.6303577854474725
-1.6477690234061129
0.5602238375027468
3.9164784992342447
-0.07820925732721662
2.7307851102910945
-0.3140095117533406
1.8809324385816808
4.889317929466074
0.49438395498930277
7.610925289640761
-1.4661319960353012
-0.39554218425973886
-0.3830268625733879
3.6534263060065086
0.24478825842811602
0.6282857837936717
1.3362049530183526
-0.30758738949248254
2.2211457212949313
1.5828283548156037
7.601834079988123
0.4095843957021543
-0.19038669315432344
1.6822644535890277
0.8246611204740475
-0.04602486632245473
-1.207973986658999
3.0812475989307018
4.865720650797357
3.2419008029734755
5.776372550968176
2.056246684849725
0.5791723558488684
0.2034368539626712
0.7854731694243355
-0.4448034058871144
2.7689028101490294
1.2557285396597422
0.5778661459410159
-0.32213900762224057
1.347858808234605
0.6542717451994804
1.5094578869999395
1.7848360403000925
1.2326227716134213
-0.009868912578895106
3.3651868505845073
2.537326351634988
-0.6782548868084177
-0.6416744301437802
0.31197954264655436
2.27003347966604
-2.4556447205811764
1.3348376456646065
4.043455304185272
-0.24450156845239235
0.9266881529796365
0.8073727874202632
-2.307679719760017
0.6428181173447456
-2.5848376348579905
1.4633875834341552
1.1817957154769374
0.13730202689123416
0.48293356696581213
0.6273571472201525
0.45212021171914785
3.8778098757575776
2.176957440194144
-1.6753542733690097
0.11174234500720104
-0.8972953896293916
6.695089230772851
-0.7728648843443011
2.4419184637190483
2.581693334349609
0.31949207495051724
2.3023304005707246
-0.510315374007746
1.4538525340122987
0.686511553873629
-0.780309899358258
0.5006486672892834
-0.4377079525473846
3.932529788928832
1.2558354352860306
0.016300772752515513
-0.1844096469641272
1.0268843363277256
1.6436649230464582
0.1944713928598958
1.3069616647509292
0.247619669899791
0.5353493638830287
7.010039791022166
-0.2817055638117836
0.7067105711780641
0.10414729067565531
2.3904684858349583
-0.2857556357027988
0.16562650331974282
1.847457993268904
0.07100378612722125
1.1011494975957703
0.30417171461033377
-1.1679359505304774
1.4922439735380522
-1.1994762525644092
1.8792601363589938
4.35389405930357
0.7315510920044517
-0.1812159464192291
0.48652615445143965
0.6203927847610657
1.027671340881625
1.3147945298873083
-0.2361199582126119
1.4745195400648754
0.5736710971102639
-0.7922938957714223
-0.5760517223695842
0.23840244682560296
3.0162913927370596
2.6136299385941015
3.7559061454074936
0.13172480791808994
-0.4569065739292455
0.5830872303783963
10.595003973326698
4.928795705509231
3.2609597655695097
0.04441632459634093
0.9971110456550605
3.927928417865587
-0.5260131524360077
0.07625220354657358
-0.6588809900390515
5.334009797493934
-1.1176027512497058
4.625903918437416
0.4619269200445615
1.0584221393399957
0.1814302592383683
-0.1659998039212951
1.7022310103579912
2.0794585445836447
2.570698010895626
-0.7958081555833587
1.4718205481793802
0.514219713806483
2.0922215686506433
2.109655555557879
-0.7571089711854029
0.9374256188371533
0.5921322366124286
4.367282252177745
2.798043972841242
3.258645864872676
2.4997355722532575
-0.3909594371359617
3.3685889057470604
-1.3860398335361879
-0.5285347812443888
0.8157291531707642
3.3238970694436034
1.5454852451555894
0.2589829141240898
0.6986842202320531
-1.4549694285896067
0.1914490188526088
1.0410486506540906
0.319605348492928
3.4740860661507895
0.17774442864913453
0.853549648702824
-0.257679685235189
3.2979852686717095
3.709995791550739
2.1234620928659638
0.49299328557970057
1.0520851755313743
0.08516858188284004
0.583647394053628
-0.21341113966809644
-0.5025911473532005
-1.0429178300948934
-3.3625785864168733
1.9221363974868382
0.7405867851126686
-0.9528379211296851
0.014435244208925724
-1.219617755935758
0.009470831289377202
2.2722832705249516
2.051230703874353
6.05118885315585
0.5957053705901671
6.824530168217223
0.3481929399964656
2.3268010295111026
-0.21896085678014288
-5.296533955985467
2.5006578906389905
1.4030003416786485
-2.688645101777638
0.1597329895432722
1.0917232936865275
-5.59900902346925
1.4744361546022446
0.29693423009189246
-0.8863884938092497
1.996138353711558
1.364767603910991
0.0739119157656205
-0.4326478685802613
4.8857920119357345
-1.3717707596700848
-1.9477402750208626
-0.04161089499831405
1.0437051655522964
4.110734750340384
1.0478446241238544
-0.5908333985643708
3.310922817963558
2.1775939766818055
4.787357993690648
-0.36403520025123726
1.0190791530953902
0.3048422561872144
-1.243244646544099
1.268952728809154
-0.021287342692630773
0.5424595271891803
2.426368579937275
0.4396766736031168
4.677443785341723
3.7640330690978203
-0.6444252625581157
2.8232871681913707
0.465810737946299
1.237751416053129
0.8227592673413255
2.3671960767228484
5.416144517580847
0.5044592096871838
0.7724143680936777
0.8700735678195883
1.2828026555744714
-0.5716088082185706
0.384846510215084
1.7999576622892164
-0.3548518238609404
0.1329205477117057
-0.6263514170429971
-1.7792008226419966
0.2760983718551415
4.356716031955727
7.651943855971638
-0.1365863124548241
1.8459910406402287
-0.008730577526080197
0.5470419237826718
-0.38729240740894966
4.902131837528941
1.6839852512680977
1.7613030715085074
0.973677146776879
0.05120935599813947
-1.3539733026308909
0.6355285495193357
-0.4519834910033751
3.8847256686184437
0.09870813277962043
1.914450264421589
1.6395292993863677
0.6791467102572142
2.0038572309669007
0.505468395398907
0.8647262542370413
4.732892333878397
0.285158623525831
-0.2527899122069357
-0.9410770893979361
4.248255488000154
2.2998287596252567
0.5265962988726187
-0.24071278883661762
2.548737019871851
1.1662867121096383
-0.2767677284406318
-0.730627297687704
-0.5176879013623648
1.0378864156951977
0.07524155595842785
1.0558538373672945
1.6691882209769915
-2.8762562779631935
1.1724213542370308
0.9377776202143195
2.680109216946164
0.8989996520688237
0.9811300117664814
1.7541484350118708
2.249125069904096
0.21384061939647836
3.008155897421716
2.1212904558906303
4.29595309420057
8.082109181433964
2.486476697167973
5.839204268523531
2.340591897037257
0.5592388876704035
-0.6977987024197319
7.153069369222351
0.9369558698422225
-1.5779526431095405
0.3121948374491694
-0.06480508138150753
5.926455509598213
4.48308470896643
2.9656799770531848
1.6313233649699441
0.5360315652886811
1.5022661483013735
-0.12220617330456207
-0.41292838976232815
-0.12078356092479225
3.174544570098078
0.4280756198679114
0.6563265620135894
1.5067769235122341
1.3175603432846401
1.5877172813079028
3.9047251147734414
-0.13278770744682333
1.3117874240977017
1.0329291239723943
2.127494888376191
-0.4696868122759952
3.7255899833299395
0.3346280681716962
-2.5743472397549
0.23527824136499476
3.5290603849289255
-1.1676214859335232
4.410031681564988
0.7912817910423655
0.03981691199328452
0.7483802037879741
0.7438828364233814
2.36349471400888
2.1801913604446668
3.870717041110197
3.7914654331514157
-0.005849524788800409
0.07118225386136601
0.9386790526535833
-0.6200023626686288
1.2112266846899047
8.341737648560809
-0.5243466790328739
7.52214957010176
-0.32892846270613063
1.1493624861101353
0.49907581755110186
0.4825739868854271
4.99088488822224
-0.39516605922096915
-0.38045262943501257
3.007211207147634
1.8765191824145404
0.6512953564624695
0.1344282312862788
1.9737347075825937
2.2035697969054127
2.753460498458537
0.2811265933262348
0.3521582403230923
1.0452394308325665
0.5637504876423236
2.3290308150078545
0.22838752420614128
0.745893374943762
1.9163861205032617
1.5762975776519852
-5.757965725398151
1.6289083898593617
3.460127814859902
-0.5967150017614813
2.5909274210458193
-1.4332999220314377
0.9874691515989298
0.26800898333010537
3.362021912048192
-2.790360796455957
0.9050432453913118
0.6518873559807616
0.40773863265820864
2.3893983677772326
3.194056995908227
2.5148825203598335
-0.14524612149381255
1.6175134300517584
1.1464673232410405
2.2211050455007353
0.38037131126458235
1.4778344488072435
0.23914130719060722
3.775764038518105
0.8237019859459451
0.02404129855199244
0.32045119325459837
-1.2664798384703886
1.2088091574952387
3.871089909048351
-0.019925165741597084
1.7881016861347234
1.7262756963610286
-1.1492455258830887
0.246035889751397
-1.0394387022458318
2.90967061255526
2.1001570563946643
0.6147173654146627
-0.03344720899792719
-0.1480318993622518
1.942345444380976
1.0709727536594755
0.5274546982359425
1.8409781859451186
6.723612905309324
-0.591775736271984
3.354706387706699
-0.3913367941647721
0.7383618577315474
-0.05033837249129647
4.249343943133795
2.32329161279074
-0.33798992912238646
0.903493842201442
0.014097153204943424
1.2546747005467296
-0.9975118575188731
0.5477979413388994
3.314746857183138
4.042752293789192
0.11942204263186795
-0.0068905054504284635
-0.09307395056578116
-0.21130565783869315
1.8549096571875907
-0.0414776403772521
0.8024414389407184
1.6016463801418013
2.778557707888467
3.942639514471466
2.335591641586973
1.6205793989288964
0.9208095692507641
1.764909954311861
3.179573890749282
0.1241565478493385
4.0672123369079145
1.7567151032452557
0.27290590865351305
2.6429192189964397
-0.7832326765066
1.424149821202036
2.0283903916918007
0.866500768393621
-0.5819476521226647
-0.3898894997857951
1.5872757848945866
0.8106406947205187
0.1540655305814198
-0.34539914231561397
1.5682571438791229
2.0870083487604916
0.6329398668474369
0.11923464260632954
2.688113966318838
0.8558132675217394
0.3550148201277352
0.6697130370532705
2.1768990928151197
4.717074071675711
-0.7476284306308116
0.2529774876031752
0.2895941996548572
0.4338749051572677
0.7309169747850319
2.098306209264706
0.6826037393465754
0.282371242882391
0.9726978976815417
0.8330318486739543
-0.6001520811018963
-0.2111152514588639
0.7600850522455858
0.3193521185227155
0.04000141013045777
-0.7004661891496653
1.363699780554839
-1.6167120312892393
-0.6930898244888795
0.24273113878643926
3.4730489333450123
1.086128028279063
-0.08554201925892357
-0.1109782105713748
-0.31490386594202846
0.32277820209242236
4.06977655930325
2.945727705954198
6.038923257185445
0.7178975266748466
1.345491545157813
-0.49272852520027755
-0.6343577204293069
1.6518475747964203
2.416995650492595
6.350711960341471
-0.2740716296728465
0.8775383203653746
-0.39072016063994397
-0.11568031212641472
3.9535526126638274
0.04097134856442608
-1.462350239495322
2.7696908516072085
0.09460440675809423
-0.4546332020593127
-0.11110914730784316
1.6486530115678306
3.6357506949177036
2.506702944253334
4.313695239031574
1.0397517078604324
-0.5128514689946542
-0.5297779546496031
0.47484600527263865
0.40297827788106133
-0.514169755775356
7.568397687922868
-0.1849726827148288
0.9494750617545265
-0.4429586157534686
1.3075370439297558
0.40056812809984876
-0.16915119908924225
-0.5867305010646078
0.5040441864814511
1.1883497411122903
-1.8700027897227187
-0.20201961398390722
1.4483211577250472
1.2036311526634336
0.9820261348734789
6.826359856599538
0.3234533476030492
1.8472108713307307
0.9726988172077426
-0.8968552937931804
0.6879798292645773
4.130587069879084
-0.10232032149986026
6.947715962759048
4.753044991016964
-0.689691829549929
-1.1209876798776577
-1.3879786070879163
-0.13047328449658835
0.6364621022422625
2.235985062745158
1.1429772013061097
2.098087551803019
0.6723712322968822
0.1223327754763659
-0.09141117424508138
-0.36862711161927564
1.303218453891759
-1.7788838852779918
1.001709837372573
-0.840154058273356
1.9428875546854556
0.18864574290182645
2.453674401400235
0.8176500488931424
-1.0648129996951639
1.7168339597631643
2.69472187527424
2.0335104801802117
0.3681241125440238
-1.0311187076958959
2.0529261963755516
-0.09216615030311459
-0.13464990031582147
-0.9661220959352477
0.5792863306658091
-1.5550657549873677
0.9641866598440174
-0.18427974329551944
-0.18591125049499624
2.5925444115744654
1.7336014151757126
0.6978814380980793
0.3524830676286683
0.400689964705748
1.3455901213226298
0.6537987012540611
0.2642063244486508
2.3706225785315382
2.8599462401912774
4.378675814800829
1.0935672105956655
0.7203276406415853
-0.7658232253260167
1.5393466521219352
-1.0352702248716241
0.7738395867961572
0.569474232811217
2.568768186036664
-0.6369474394051622
3.0000706414973592
0.24888497185787628
1.7396268718113106
1.0626672440972698
0.3510923170085789
6.406502275002424
4.857600792653329
6.536287003263283
3.5613360295556618
-0.44328622468367485
2.364013959383442
-0.957602572133851
3.7733917729309496
1.5241704322910437
2.5536396689710728
1.5365757692982243
1.8572468576658139
-0.134807813979819
0.511083591753362
-0.24563997585380548
2.5982759083998417
0.5375033386736732
-1.3544498769231836
1.982758663661457
0.6050733120708855
0.790207781489471
0.6917048238192365
-0.38518762251578664
4.464803927685409
2.030466088300443
0.9096598015026984
1.6576024361511372
0.9431320174833786
-0.24344100809889824
0.06123968181213968
0.12344193473222731
0.6480926192626271
-0.2987908624284046
0.12472431466426315
-1.325034401396863
0.5359367307221987
1.4730969269993466
2.432531157300673
1.9066651254803446
0.10928055521310398
-1.5316922092796403
-0.022068738995074
5.862198438364146
0.10874986449493917
0.4392521486663554
1.4546717877452124
0.8083022315099697
5.608249433733818
1.282102956865515
3.079639458745305
1.9662841896486611
5.668219524682343
-0.39547448824964704
4.8999674125827255
0.9135635234901542
-1.4346958874801317
-0.793580941672758
0.38834022763751364
0.36872919012944294
-0.24811660183002004
0.09644615081037955
-0.675687863856524
0.7563931572115052
0.181173680973302
-1.3856728407106402
1.4081563701201958
4.349636115718113
-0.29460782161316956
2.2793144557067535
-1.862468991408548
0.44711555503079126
-0.4360773090550083
1.8187073294832317
-0.8830837978813406
1.2249629216855737
1.5191416470424883
-0.9613987937830188
0.07023807555788153
6.827839898842399
-0.5338860472916167
1.2597417506382271
0.73779294718031
-0.3148135107511507
1.4845720550027295
0.9492722495018597
0.08085683635511032
2.74141139918396
2.129948605239406
2.1988638699657486
3.528363419205334
-0.13052410271336612
1.3572061402717281
1.983924559082027
-0.8586432131232868
3.3667762223511772
0.4487464337472602
0.08853143081591952
-0.5918125999173753
-0.023825445768352438
3.1066617659209896
1.2328743920495526
5.03488846431992
1.089557631303137
0.7240866306702856
5.899773611112778
0.8789063669098596
4.2391880291400525
0.855867120864616
-1.1413637883887304
0.14714822605799327
1.3011629287926212
1.2472168172785132
2.498881260642065
3.4934532464624795
-0.15256554973143466
0.28337028896623906
1.3088923436323512
2.7042255701619524
1.9202790903752884
-0.5514638676277173
-0.20386351443448802
-2.00747747444035
-0.06877174844009915
0.4260388578363745
3.1482899198585415
-0.8274287044230277
6.297091037576024
-0.14594341123347476
-0.15723287045159395
1.9451451837045965
-0.9215979823933367
-0.5518779679814543
0.6352065222727106
3.0430068269192247
0.4311863792314625
-0.15645563865655276
0.6062443857051676
1.2548684464266557
0.38214863017952894
-0.17253121672877114
2.4185558362387383
2.8656683965474485
1.9336875212467817
2.9133107055769187
-0.5764136661998691
-1.9766520923661801
2.373886019449742
1.3284296918175187
0.07212727691097598
-0.2521838336036808
-1.397891473784398
-0.13579870882313116
1.4791441962318004
1.6764983316810458
0.6187918384185309
-0.10675793572477232
1.660602458485016
-0.6775777304710573
1.0826143246486026
-0.6243077429733148
1.9012991390076195
0.182264212219593
1.068283094576941
5.6893650629577905
-0.3939363902997002
3.3150199694287608
-1.129539777051832
1.3044417339912115
-2.3783657980378052
-0.5700492287016914
1.4273936143714536
1.4648414705256414
0.6309398802010264
-1.4068694896058105
5.414965404085592
-0.20797872734510747
1.5540036343890051
2.108939370170333
1.6144824573335654
1.2751139857743965
0.9787032554627331
4.069602090357364
-0.5520170233929775
0.08507091908415987
1.9160335200782583
1.6145280972230012
-1.2706375375187235
7.54533275486591
1.4135303679070148
2.7543941693244847
-0.44049334292321873
0.8805010441820968
0.5453606662027823
-0.4447714640011782
2.3932791807770286
-0.46454074438167936
0.7503242232385219
0.48918629806104263
2.9291549156999963
0.3916593380466793
0.15552463182052634
4.622952635937395
0.3708058258185929
1.381015983583211
-0.05993166025939445
-0.1652921963461722
1.507318439708797
-1.1947821508081233
-0.4382984998877646
2.210095256825298
0.828187687123318
1.4258639976122822
1.3601100255439178
-3.402124953603277
1.978710981358745
1.5521505439581915
1.5325327114687752
0.38691714921344555
1.8274795383700848
4.8876791462467395
0.003984130445473966
1.289597485700824
0.2676568145850524
1.337088634984866
0.3971837792316819
-0.5496517448591476
-0.34410810925407986
-0.8476825561421037
0.8031496567549539
-0.3801646814382593
0.5311051334301737
1.4913475450333635
1.1937037491567253
-0.549562458500759
-0.3333673455705366
2.744583716668558
0.30514138710486804
1.5101613474367923
0.5789745797533214
1.2947322462813418
2.167710035512698
-0.8838064755467485
0.3393502073262198
3.0511903715491826
-1.9705328715187989
0.21428391714505324
0.3306417390399474
0.33376582977587077
0.16001532519635475
-0.3847879987778242
-0.9476040534400454
-0.752195668523882
0.10208012600219263
5.383174567410094
-0.0006951775476977673
4.595169715261932
7.540317928721777
5.02217119761184
2.545611145433611
3.9501111820246706
-0.19867723687923444
5.5712191208872355
0.20029643269867847
3.4150087136681577
0.45353515681381396
2.3500523589265754
-0.2986652946359527
2.0316426258870592
-0.1073907216640464
4.028598390700267
-0.6984368439475475
-0.2688629592369125
-1.528427862567355
-0.304456849900248
-0.3376905875367129
0.7970787404833573
1.2140865227053723
7.446621554777948
0.11801829255392704
4.476322376210703
-0.17441328845416137
0.10310691053996379
