3.2957803440162934
-2.4380588870644715
2.382734163974874
3.3547236079834875
4.831056978003289
9.117970806853464
4.736794377135311
9.199571149368921
3.2037517686017054
6.464239483593246
3.726038749123745
-1.4991154898825698
2.080599762043221
4.4216982450648175
6.907976972275492
4.091089769813152
4.6306905511005425
0.4699887793080961
-0.3628604520877161
2.407884947851926
-0.3171209826637096
3.107374857479499
0.08371992351385416
-0.12096812212530494
5.700665843065963
2.6964896270351346
0.18021870627580938
1.9424240587086388
4.106497428370403
16.322007605127283
15.485622268349744
5.900679741959721
13.037276146902286
0.1439502869102398
0.33836447203293574
2.06254349006349
7.858125762771351
9.798809602142228
6.173319168821536
13.027764662029767
2.6554468958197504
9.187364494851408
0.8389474806863291
3.065662471177802
3.9034268661689566
0.35877098472383295
2.374632816843132
2.4230007757796557
1.6674355085742718
1.0799577094235246
2.0991481661778835
2.9959568583090004
8.298083984875348
0.6801125614374541
0.09538886315908712
4.154052520341793
7.223834859937824
1.3648142347842622
-1.0391168572864444
2.88157740785482
-1.1475589888686955
12.796732021300386
14.876590953416326
7.679919655724234
-2.0967888574850804
0.2818318810082019
4.644680476110807
0.5439985349023573
-1.1648333771624948
6.656464463079828
0.2127566762674178
3.4105479825816474
-0.23418767411612862
12.551532160254283
-2.3969383098328763
10.020878905920881
12.835942612848157
3.553576064525487
17.059092927314623
-2.3431246991535772
2.6170280923111022
9.737887929663657
14.173770758709452
4.784472360611289
0.6702407633897565
3.3738725468233497
2.5124064092083245
-2.0042022716645533
-0.04868024733150378
2.0629869648121257
4.062438155221116
12.408721473376772
1.8234803650220783
4.889414589070839
3.0738452025887
7.9473215237835575
7.861990945661546
5.243058376422141
2.1493087122566976
3.4716800303065156
1.5328821049943144
5.563635820550189
-0.519023560137839
6.83050301663684
-1.5227023615402686
5.837609120846537
8.60787674681933
3.35999724167732
0.9983198198087848
0.06323704376018213
6.686765653012571
0.7900423057594708
1.27215707544201
3.132395944822292
-0.6108893945015552
3.3547379404549247
5.801107971761212
0.40419719020746925
2.690435790970241
0.5676332707093934
2.0493204648687424
0.4683450313150388
8.469217468541046
0.7092295045526953
9.118149970845025
6.848826741204448
0.7735975644804967
2.9859539528497407
2.7942826038406565
0.1127354699992793
12.491960394651414
3.600490233317032
-0.2958590975890729
5.094199417292202
0.25575644702757927
6.24408736624946
8.597765016324502
4.8975104824876325
4.693307887435367
10.999022433044047
1.114258240401341
7.795874742409069
7.993303576253311
4.068324750291595
0.7547602701304186
0.6631635896760599
1.2946342174527672
-1.4487251125683542
-1.2734957325610594
-0.16774187977853217
1.29179150148002
4.304745655674196
2.0671593365859735
8.374018073179741
2.6679377911673328
6.459866148403535
0.7379172886221568
0.824539904409221
4.234189372611581
-0.6005830017543303
5.600718699884055
5.730560973071988
4.74328047454992
6.28774084591123
1.40648725726669
-0.9856167490820553
4.049797146720266
-0.26583405075734845
-0.35123454278800637
2.7935619615723226
-0.5290530639908866
0.6749074275849125
2.114964091784259
16.50252199485658
7.811920346892748
5.2613449567074895
2.70960303101765
6.180772487638706
-0.22992395584287806
6.702573862264671
3.7991470564379597
1.1991623212420564
6.660010470094676
0.8620515053385134
8.527365662346938
2.7741283115142323
6.591436185317207
-1.9202701527606223
7.010147360056635
0.8442054499450933
13.084792842465049
0.17589450190143907
5.649312051632933
0.0883969603632977
1.3793109315911352
0.5179818853475808
-1.1248067237938812
4.297856821959613
8.527438837181307
-0.017570206995969784
-1.1303219209244162
-2.9259105686301154
4.331272383448322
8.716776948698453
-0.937650510896674
-0.34983606993455396
4.7337265710643806
9.918380134194422
0.10978599728287008
0.8967875736452697
10.73056770582889
1.6217112659251143
1.1136079952718774
0.8025997591917076
4.2772618436770244
3.8171675727153342
-1.0313130979179732
1.6564965122302056
3.153267239790239
0.9160562762999689
5.6624656287922335
13.66081034249919
3.4702075310631244
6.734724001677478
10.198886554592036
6.019793247394318
2.4183422207083822
-0.995965266766234
1.0131650196744886
0.7887486348367929
1.87975435779299
2.020207386988659
4.11996624454946
1.1258571213656978
8.479010601896334
13.388136888599547
0.26964374953740844
-0.5998488718132649
6.507608611637579
3.4245215324044693
2.9039430796938177
2.6131600692751817
2.4164248756865163
6.826643820860909
6.973912924671367
-0.925134862878167
0.5605833111067113
1.4227084483254657
6.493326124649002
10.316267618959273
1.3262819048736674
0.6992034371910449
16.695895656871016
16.64420570275979
-1.6878359248944435
-1.5327265418372917
-0.6770155045865067
4.354652047530635
1.4975871432857275
1.5295719202854343
10.24354927738841
-1.0484720808958627
1.3675261412436157
6.763369935211131
-1.8875967753147052
1.7003407260915537
2.911248777318633
0.727512632800881
21.228192830163152
5.599836380760053
0.43435313774170936
-0.22036818358401433
2.5941425443133994
13.368542327942805
2.9259274998180445
11.444576589716235
3.700400531278092
-0.46228745958524087
2.818363337280971
13.028655262746497
-1.1064480956397347
4.266914246642955
6.5674421290409555
17.16105111214938
-0.9935724125325578
-2.050419371947555
8.012494435645976
3.6793521434524337
2.08932566823205
5.372049990681717
0.6732808380111237
1.9964230343880445
3.7573350795573788
-0.35756218409392204
2.1595941938403485
8.951367446527456
5.402595415445376
0.6260454857629156
0.7934501065806217
1.1006865516060316
3.6211162851182053
2.7829529889236255
3.591374977331725
4.175471485269554
0.8971001235051972
-0.4835357635161017
5.451792170448925
-0.24556570621462015
0.7457947259390494
6.179253605695067
10.249589556804494
6.1545181015428625
-0.6090519635449709
10.346601804080592
1.7888347333910133
4.888866615991901
5.637229618277161
11.643214304634284
12.83036255956631
9.579217554012075
3.364399764821428
2.4917066635175615
2.8786799870949835
0.21509685714454463
0.3309441648161737
1.577040087813657
8.691992885027958
7.473644006428003
4.9312555158599025
2.890686608311171
4.683584037192304
2.251797807604362
3.827914715357565
7.831763562561719
1.8873238270566617
-0.29143610388791785
1.3157273230285682
6.400415029247824
2.560830277241621
1.1347768124960567
6.9231725214490325
3.6583213427479677
0.344308478298899
4.976995607650679
5.590351109584844
3.568049064830575
1.0744097012996008
3.4377503320449705
2.167093875053979
0.474642480440707
3.3087947333397096
4.494722443774208
0.8413482006835693
5.2099673399989115
1.5892719442517773
6.856052928809731
4.707350962728469
11.66548454554163
4.315824749966396
-0.28200574767697617
-0.7859637336814558
3.580886809432286
6.628612474619786
0.45449418910448003
8.546353515982446
3.024461868650633
-2.438540186089085
3.372471321637022
6.899891601517538
1.4512701395926797
2.471024110291637
-0.8428270322006028
3.0218691252055123
2.884852188257355
16.86683335146995
1.3079288466942671
2.196092965285061
0.6534703235906818
2.8486406514762166
-0.6466320833105783
-1.9156306251261412
-1.4493410285585924
3.032729915267737
5.392322453306406
6.156794900864043
-0.7354692532694571
0.4141891454096367
3.6211167608046253
3.1420468163214537
4.681260926587129
7.218448093619372
0.26415114173914844
11.578141209296064
-0.06048677915487133
0.8531948516786088
-3.508164054652525
-0.26212033760066333
0.5068628440324119
3.595931024970014
0.9966834286692574
-1.2452247173073374
1.7855074687968226
2.6033519142747537
2.515457519521078
10.459251877264705
5.891864616512066
16.744921102955004
9.757374428638059
3.7703988478879182
2.385695107132051
9.306527503588995
4.925163931944098
2.37393125466906
5.6229866367909835
1.9693274626924904
9.649636846592784
1.7923294790298314
-0.13043615367678285
3.7376548058393837
3.070833292032148
-1.6028478078069384
3.7211907804717157
-0.9941985952477808
3.284360150529892
3.106907739944745
-1.4614375702544748
2.125465900886411
3.49584735797589
5.435343670518705
-0.9034641199673388
1.729437403062093
-2.2219558927986327
5.491504047813578
1.2333121478186513
6.587096394046284
-0.877545345902945
5.546204046288267
1.631662009964657
6.857448259591365
10.413821966017622
-0.6981965433478763
4.520585145095538
0.2580184545895463
2.241354170653267
1.8063324304771413
3.752219123208306
9.316174511264308
1.424875451600201
-0.6405974249119026
0.14970511520277796
0.1885096355395035
5.422297881949362
1.2279283981733897
3.4911475114340647
12.71641253174107
2.3391952068304818
-5.343460287621838
-0.7739432931048214
12.884224564207216
2.767687770336579
0.7743465516955439
-2.6242433176453233
7.627433857001279
1.1141446271099085
0.8629310232408898
4.954687354239013
1.9002116347069204
8.977385992985091
3.2686238930398304
7.90099274521549
3.2837508911607074
0.4901696343308686
0.46433225902728736
-0.41140954907223204
0.33623966174855013
4.24764117183372
1.527119281891828
9.861641994066304
1.434913324381796
5.960922875225606
4.8605814060179
10.93459918851704
4.130899572114686
2.5254315369356846
1.900682524112426
5.934620592674037
8.05124204451613
3.7333645787316527
4.210188318163546
9.998011348913678
-0.11946338133998324
4.01962400147022
4.211043330380562
-1.1784237740989738
0.7772306750216558
8.764808387315497
0.638086407136143
5.922417687786037
8.764876033611927
1.2492872102043293
-2.056227555424357
3.744497998674433
2.5341712648462362
0.8687439314076073
2.8451774238194503
2.792547540243959
3.4226352282626067
6.964409528448414
0.2583140333820211
13.273453901764242
5.711451789185048
2.198576446309744
5.124921310461104
9.911859620814994
3.2347109969123267
-0.09852687887678258
2.6647423661952416
0.7205593251487699
-0.5650728212303875
2.1516252360911494
1.2882135637673855
0.6853026344288082
5.9485138582617765
0.7969367101359239
1.1787582159474823
7.9025193194354415
6.00784965518028
0.43893236841449834
9.704065596313967
8.033822905493935
3.4890319006508435
1.930539943439726
5.993596930186868
3.6409728792282294
0.47720518417918356
2.1506930891214324
3.198425636063803
2.562979216468193
0.6087735809801416
8.596517075210386
6.263415901635653
1.407781065614472
13.888728162662574
2.6512210541636705
0.8584152026178344
-0.38280757330130655
7.316654553117587
6.741515518486722
6.217670558874033
6.100931604813923
6.337940561000551
4.73882650332439
3.0806648243187738
12.69673555410236
8.101537999646553
0.7177710327391651
3.693352867285057
0.3609686235213303
4.635341862777523
7.522385025544736
3.3200666377915695
-0.5581194686433264
9.173611747979749
1.769737485808946
5.622277688748454
7.162684905843207
3.6205861525309047
9.3419694197853
1.0807183472511497
6.064807444330427
-1.6087019018305
3.948522610058262
11.808443426689792
3.0229327688753074
-1.3513403761119207
-0.1306309279193556
1.908717869119755
1.0162964999185533
-1.2580297528998017
0.46890591573901474
-0.19575136998128073
2.590494577324307
3.3179313885634656
7.072871279126048
-0.06573827790089126
1.3483125928823938
-0.5565825111871163
7.555638980790491
7.401241772200592
9.883409106741965
3.172782653393824
-1.6526530203718721
5.416521694213316
1.4761200912998902
-0.3451392246947762
-2.565398894054397
14.902292392442178
8.82716316091637
1.5083239498694638
0.24091513960183875
4.945060164640836
3.729113000050802
-0.12093970236537643
3.838740357548204
11.91838974809366
2.319638779932575
4.130506424103714
6.560931895927979
2.5580314796407038
1.3282177572973524
1.2946506319854052
2.240742728546138
-0.780271047295173
-0.1742718341492946
6.489788544451812
3.42923533564408
7.364502372682637
4.8522253306121
5.7001487926340815
4.556586035931787
7.247110709780145
2.813012648044605
-1.7305170693598484
7.528170113808528
-1.558408336602497
0.8808767464656739
4.99421834296254
2.6691613054977097
0.9438575596673218
1.1747208364959079
5.550258220969226
3.457198117317148
12.840805897652672
1.9837364428212823
0.7193859912758853
0.4406652943343943
6.684095789773437
1.3355934916885417
6.300184705419724
-0.6660719152200727
15.358959628734738
1.7485934985254517
2.0071166813427226
5.5364961207469605
0.9926728892510255
1.8717246746577985
8.631459827340677
1.3560318322997773
6.220307475944992
6.207556566035237
0.9270714115082228
-1.3673227025949473
1.8158890409126798
2.2560171967879796
15.68517600921541
1.9076111071340165
2.7380539625623896
1.52179619507001
6.917428898538219
1.0829569824613827
1.341359759383522
0.7026554030021543
0.4178498756359659
0.9540753830042377
0.9385165299440814
1.1382850113609493
2.497851862139669
0.5060667757575175
1.1997992702154079
0.5352525758244155
6.971147352955086
0.44019907591564333
3.997714431123768
2.662953034778184
0.8376370271312226
2.5317498896461075
0.3515544282722658
1.2722343758441639
3.198085224024453
1.3297915632051627
0.6028691955275463
8.512234217643481
1.6755678315253135
10.617008447742364
1.1203295524360328
0.23297796578708585
-0.12110215339953356
12.232498369733776
-1.9764678250944598
0.7413276203460555
0.7347326926183086
8.356772069178533
3.5830857947798904
1.507826722174741
0.9658337989023948
2.2215944667505028
5.988209226327399
0.7279612201809869
3.6327094633215893
0.4073398914952122
2.6805101632103288
-0.2447408920070302
-2.4079244893273426
-0.48369152821715033
1.9814918053111796
0.24293988494400764
7.391200758230752
0.4488774650137657
3.4550210160500683
-0.4798870302274736
-1.827039731331297
1.8392743087283634
0.9480598915943119
5.93345618138278
1.7079961387908043
7.4094002747133345
1.7561264284049685
2.5116793867714478
2.357938786200066
-0.17796930645999964
8.317541199040761
-0.13698901920815842
0.3527110835757412
4.207891036220872
5.069959853208275
1.6546378220973565
14.867060620254506
2.0720460717611786
1.5444217064746226
-2.0101472622104666
0.8287723480302702
14.639375676423697
3.657822980230094
3.096096626159124
0.41644204356953196
4.271520833372961
10.123082631459738
4.436886496923762
2.378847440476875
0.8424148892077028
2.6993257196372724
-0.7450634911315319
-1.1416500958212055
8.41610869753913
-1.7315228621646384
3.2075225414801025
4.957357899152612
3.071690281113206
1.5419645000133642
3.2820300062135175
1.5322946293335917
4.944332303486817
3.129174332340426
0.3699390150859472
0.8481221699607886
1.7446688393310978
-1.0908980951744525
4.19967221014258
12.70133037163805
1.0528913302609908
18.707220180685226
1.87586876631417
0.14462252345538218
0.7643717866012594
2.1102055839874083
5.943713242204694
0.46432531165964974
7.14868552654093
2.357170415539713
0.17706304453668054
1.4396058842812636
6.576119251285263
4.762057563015787
4.667286328677619
0.5647544606190422
1.8596470498346207
1.5954401528347262
4.121061254151755
4.018367027146724
16.488083615458436
6.399001993952652
0.41900883139032885
7.968742503822341
-1.433582642969668
1.6465351884176016
6.437572853452593
10.543538474799561
8.607808797330108
-2.0479817481782447
1.486468274643812
10.293835748512038
-1.6699418589123525
8.188571052667385
0.5066999281948483
-0.6746906503799437
2.4724632691577426
1.5177807156928793
2.9890860521495597
6.017921372576211
0.3161972935454287
0.22029842815709344
4.874353882793457
4.583803920029368
1.050416701839822
0.2020615794153855
1.8987684217572678
11.009222119986589
4.137503453112231
-1.5107073922936252
11.813723981018939
0.027502871992510336
2.619228300454324
1.425307070947838
-0.10384708832020806
0.9946793167378019
-0.27666557002339687
2.1875517221433256
2.7951825849727356
0.7497863574171788
13.462430625554134
7.704925043645289
14.903257170543611
1.7602175129527495
2.2660998001902044
8.141359839543384
0.6935021166859769
1.0204064336198826
3.174037509392292
4.458215246196232
1.9340761359694625
-0.06914135406532296
3.9717752567769367
0.1281770695695741
4.979301486489021
3.8204036564966373
2.928493017785968
0.8335698392020277
0.7886274657471404
0.6033583011617338
0.7450816146747457
0.4074781172544135
2.474508064256952
0.04671525919548003
9.1901621876641
0.44702436853367544
1.5185643461807103
4.724966983817012
11.484380879271157
4.251234225545204
2.3782407136250185
3.4834722952919037
2.061372233086331
2.9996436000747053
1.2269259818681348
-0.5486038508065576
5.167172033365205
-1.5987817162085776
2.387199885625023
0.6150510302645671
0.21769974882045062
0.3843982448515817
5.207719452009769
3.4061526869695626
3.745696608194521
2.9046053148961164
3.1793975359510114
2.776399263305393
14.596332414155313
5.940821338188698
-0.1309455580294525
1.277634932429919
2.493583902663431
13.8562777424886
10.079518555525055
10.542308299275419
10.716926842520706
4.369965604359095
-0.6983924370160821
8.192563583380434
2.995425313969008
13.338738904809361
-1.5417186681720523
5.0579488610487715
9.630622455289995
6.12806715151919
5.58295138328026
9.988235457304427
6.661150999500705
3.8419991955338446
5.178661392198137
2.968625885592246
0.582685658279388
7.89586162523392
0.5622375034613469
5.231766368754961
0.39529539873728936
4.807837881626256
-0.20862498880251223
2.227374845709164
4.966132237171223
5.787170215925698
1.7037571319733615
1.3826382902893783
5.145529486847863
2.919646656092027
0.5119600558596176
0.25989087601465144
-0.3636375179976312
1.3743580680747982
1.2188079182833462
2.717945651838363
13.525078550266699
12.504420649032681
0.8571494499276469
11.342667667689511
2.8718867842280815
-2.0492381086191926
3.2866050466100205
2.1085973226536225
0.7571410710093005
0.9726693113980218
3.148733971083402
6.91859840725192
8.6399929389529
0.6839481363044797
4.351826993828581
-0.9062776895070783
4.014245604325424
2.1404459380373737
0.17148796089895768
3.2702227873915035
2.7433365945851165
1.2136944107028285
1.7928481592089156
-0.02162952123580908
0.43062257954306915
2.923460299245562
0.6825279499889803
-2.4509060267241694
-0.9792274079268282
0.6581129564542607
2.11001460121156
7.181621857574555
0.621371115589227
2.389836101623132
8.120461644026364
1.3176360273766932
1.815489122699546
3.512111981685848
0.614137098670426
-0.2897584315869608
2.725825296689891
0.4043161405579667
1.5749865913689973
5.438911727742152
5.283138924150535
-1.4755318135958078
-0.6995838474776974
-0.04314190368813797
15.67167227500181
0.4986168308055312
5.282999169892264
1.523538323851426
-1.2834902604408853
8.412832077851817
0.39626010393612887
9.244605680411723
1.6845805672628558
5.847009016868014
0.10154580249627543
2.300803384519895
8.56876598208055
2.883575421923979
0.27858150230713363
3.023867457879078
1.1184884756985412
-1.8620254310944802
0.3247147256374774
0.6476504905640468
7.92854488912667
0.7881002914477904
6.12907976284373
1.4188125471359854
-0.266288837321099
10.114378971521091
-0.757587546526338
-1.362548596327997
0.9133668572817442
9.997829657059356
1.2637229100778313
1.2802606519326218
4.631195189258278
-2.0253669556254863
0.09362560892122929
1.572495863003951
1.6705375671908769
-3.390388119448289
9.17640789782672
8.051426365955876
1.436358315635971
