7.479209176284115
1.6418032581640887
1.1696589114837934
1.9999172103572391
3.3097100123967778
1.0605489179375809
0.7212814343018863
0.2703260994139782
-0.17925616322713722
-0.8259214434017395
10.158135224493833
0.8353682235653821
-3.1331734997572482
-1.9539071759565445
1.095199177045231
-1.230257670986731
-1.118547715408539
5.059428583704545
5.442809557312813
7.332145414955107
0.37765355191737626
3.200677998931269
0.49431086145602876
-0.12547479556741337
-0.2507625953016941
2.6458341044865676
5.143179357893757
-0.13559323051697447
3.5112160944247535
-0.16399979116533814
4.470809774189831
8.625388766216162
-0.00572144870349689
8.642670120768202
5.825308826811437
0.2657818990383305
6.187835247285534
1.5891806434082127
2.7209931721023395
3.6059715497516436
0.5011392763856009
-0.356069028847287
8.832915897931656
9.166282294763903
2.102327815932057
0.11857177641360295
0.7720286527044777
5.547177669086096
-1.2265271626085337
1.1259707517659194
0.6073279864265544
2.9396353514642612
2.6189028030013333
-0.6521165781175569
0.8586611883421256
3.4861848195291145
4.77410729479422
3.98908806810158
6.717856657132472
1.82710041151239
2.712970206637266
4.522257091741807
0.6890780977153099
1.0047708905242416
1.0268364020189438
5.334072510039448
6.044077019401215
0.7962727240058314
4.2882245848434195
6.9957037763149685
2.0085945962475478
3.0559342086978916
3.549789689291231
2.8160151022009927
-0.019095514284401816
-0.6348805121275234
5.312826327902229
1.3694943566048892
-1.7853819169337726
2.0403720835015235
5.08762577316682
-0.22639485441823126
2.726132231752729
5.928623236447265
0.4485866685590736
0.7227788292776154
7.342996632433199
0.7684191925102368
4.994706532696512
1.2869366965979907
6.812199672889761
0.0834115556785946
2.442395226082539
0.5746909843477397
1.760198969040232
0.8875870487442228
-1.3303432477482602
4.559024757805588
2.4327547751495047
1.579154244265311
-0.17960128587498048
5.381845124512779
4.18965849034214
2.4228912542394596
4.698585247485397
8.152589009018527
2.4064566602409627
1.8377980624111103
1.6926906917000792
2.3866047268387263
10.929415016134726
4.167321451998902
0.3543243128893323
1.0053808623578675
9.988893677615494
-1.368254204711775
2.207990421331914
-0.250882086723891
0.10585200865423872
1.2518620172720603
2.8332021709017283
2.016829678746518
1.7900312467595256
0.4474025673063693
2.219461729593661
-0.11999446166049665
2.0597671291326662
6.693790145892052
4.7106641865541405
1.0336816909208437
1.838236903585937
-0.5620931520386421
1.114968968536914
9.458551962083504
1.2309543201880615
-0.3922025447397175
0.8161333754108568
0.13484904781239493
5.898634092992637
6.478149872592951
-1.9037061058278368
-0.11750981287102036
-0.8913366027270797
4.17616531519667
3.110406112346368
1.4953743023063737
5.096787495509375
3.2520652867303568
1.7989808971655634
0.6858168644524198
0.8266445313117856
8.737287003879345
-1.4707691076376932
0.5968254622503082
9.021217488913663
0.44669877842940764
5.99401296508529
0.8702389611887043
5.779440675992987
2.5121644293898555
2.5173227546507064
5.598854231536421
0.06820767176429854
7.6865991587424105
2.6892935591893945
7.713826850771511
-0.2344099056432185
6.085746892208505
5.888413424376495
2.430925002348829
-2.044951155578701
3.2595415401634398
3.3301907114492906
4.959389257951017
1.2857785145413914
4.09485195932163
3.8339065578676923
0.25751271136749665
2.648699853960494
0.307475735508973
-0.4425484846615575
2.9119495669187927
4.765009666898635
1.6346190948271442
-1.4157999799649303
1.510440737684462
1.7543830710921782
-1.0938118812246103
4.583600072900566
1.6955608540253877
1.873668050677992
3.754337956343477
-1.24044443358153
-0.4107951998945225
0.9826421198635558
3.964035126139919
1.1348248348541006
-0.9116218424528597
6.328976043854823
0.6160691052354821
5.438520468521517
5.2976326641256435
3.6322972099207504
1.6527659982282898
0.00514947355659956
-3.082806231924309
-1.1930496381697537
6.060185098174401
1.465855437723576
-0.17620573896169844
0.3572637890238184
-0.4402369005563287
6.716720462210191
2.7643022244868405
-0.399580363064274
1.0366627840315061
1.109447061355013
0.7705027971446157
0.3191815279241723
0.8171605549290746
5.7023083078506716
2.045918471384539
-1.1976319165896427
0.14004582419528333
2.6491423351473884
-0.6719270257098628
1.1032907629127067
2.4687653236925087
4.467867934381957
0.4802614528195761
-2.534901429627439
7.773271900862369
6.1466701644995965
2.5116638379341225
1.6210483201164152
-1.4010230299653017
1.061657812897181
0.9240706113724286
0.4357300274418492
-1.1489293270458631
-1.0533920389364084
-2.6315595472808866
1.2326925077297517
8.305465914519601
4.268412364049425
2.5018840333549974
3.3394390455202654
-1.642835900868448
0.5937437563181902
7.305648939199358
3.343918519271682
3.055296410270728
5.233955654586168
-0.5248910175892547
12.116270899214442
2.625594020797905
-1.12757875783376
5.758848760088938
2.986582118277056
5.072953508424831
4.472291130143503
1.5056754569834538
0.7578401155651591
7.231675169771393
2.8764884286702284
5.776563977974888
5.0147912451451475
6.066520789365782
2.1292241474330353
6.3893786701042075
7.1335070212684
-0.2620735433568484
4.403969434197052
-2.8569882147518513
-0.32840418473801947
4.1850200511943
5.497890506229339
0.5693480470010854
0.8778440891282457
7.797452271734784
0.9110317219711135
0.7713330261963165
-1.1935578307597154
-0.41385156088145436
0.429440770177024
0.7779827925776317
4.681857440802304
2.4855314129216026
4.272818187261748
7.1211127939701555
11.472245266758506
0.16580182044538105
-1.4036716727620728
6.509678095221403
2.7455061927030897
-1.1321918028837104
0.28950680510124016
0.9052674844092792
2.4071619630121575
-0.8434198462894642
-0.032910838548389165
12.623279267245124
4.576538699548337
1.0463994506854135
2.3379265045122963
5.247921445972565
0.62894072117723
2.1316031458459577
0.7871866877260061
-0.618666661226797
-4.147865976169328
2.0008207702570644
2.310548617324912
4.4221296363635645
0.011091124378850736
0.6128389532877918
1.8209273281247533
-2.925150262637203
-3.0717482497286426
10.547634397495727
3.440913479067831
1.237800267253533
3.091108357034784
5.404976939921795
4.155434072086422
0.9009763270254609
-0.3569536093008878
0.5703267357859545
1.0868192947611703
-0.46524176146630225
5.031761978398492
0.23578362071830838
5.337173667357405
6.189830757060292
2.62947456080326
0.9259777753582057
0.15439741879461621
-0.7982323450786453
4.639689215077766
0.5952823061892332
0.42990324601763064
3.5816781184746276
1.6464855870630686
1.8636673472648226
2.009661769849629
2.6043951805649215
5.395475168856819
8.141499715979819
1.6303190522239106
2.0208522359136794
1.119204453371509
1.986983471022711
3.1714887122339235
-0.35591097755013834
3.1354003956006693
6.832214482129984
2.474301348129927
1.809372816854193
2.1857048017207887
1.681811242009502
9.880019833912172
7.844432923437523
15.14010022905552
1.2793522240376376
5.8068964085093455
-0.6382984862502497
2.8166076078141487
8.899362879389685
5.1945219347896625
-0.6666646272759635
-0.08918188991538045
1.0276540350520804
0.44647824009749115
0.8262092300224424
-0.23035442638791892
10.238689857429591
1.5795119428929922
4.782577450452436
-1.8479283055760334
14.28416006668212
4.02773158016015
6.660036041923206
4.002339504504874
6.232899414374145
1.1496143194325157
0.3867568519804081
1.7652023299324355
2.022606746651263
1.2314792363382026
8.428125478108797
0.9014010344004362
2.793472682855082
2.6770273619995635
5.74668197638411
-1.4620915864315123
4.241770393716649
4.507464626728165
3.6765082111564027
-0.777463301311343
-0.12928849287760613
0.9908375950381014
-1.0260954852111013
4.465808920394068
-0.15133110495776236
1.067792250853131
0.012748389662561976
1.2786907787991026
2.175034441529192
0.6877306117409603
6.792267692938026
-1.2459529700368535
3.704483090074575
1.2386219001258496
5.212913538074503
-0.3497045278930955
-0.05763071210185444
2.3570704491897914
7.822819688713224
5.471427447185391
1.9857796153617926
1.605995110079533
0.5402851406393552
8.059766969650582
1.5208107795442913
3.0645668150801555
1.077983781433943
6.209406003011395
5.985465265499187
1.7476123409080913
-0.15764258663506325
-1.561488794805598
-0.02618091051402871
-1.9915531807496336
2.9228707354664607
1.923491419461044
-1.5249908448871565
2.1406414912205207
0.317842547296749
0.9086684188188769
6.252573783796777
2.6443942182632156
1.6757444893272577
5.302655427200875
2.9360359545161145
5.787920888295702
3.8566798075114264
-0.7355972024788855
2.81417490197083
1.7740725565690525
0.6275717611422351
5.571437514710738
2.366356778921727
-0.7377111282888222
6.067633707100896
1.965823032858026
-0.3569611056663291
0.12068937062574037
3.024735882184615
2.155865133498793
0.4216227129747381
-0.11006334825157182
0.12796678863537636
-1.1253214023538476
-0.01774320734500634
8.147928193032726
7.178286730422201
-1.0160146645089299
-0.22238825021435105
9.185826504941303
4.527684643925568
6.486142901929725
6.782488120462631
-1.8927994157033083
6.449978687786285
0.41179979078199835
0.45120242660476606
1.9868255705935383
1.9593911752369877
0.5486153520676851
4.415921643438992
3.151041124363786
8.772536183288906
7.67253188186902
12.091365102833635
0.9860299701352062
1.3340682373376467
2.9683561902627957
2.562127341877982
2.8731366142649506
1.6568129775767488
8.022643069552714
3.7030808932789228
0.15559931565181273
1.1004146385555487
-0.3374732280852868
0.05274850217719518
6.186401658945499
3.6577202689308024
1.9333134581627007
1.6043856198934066
-0.24152434918579502
1.6381173774134936
0.6803393195086187
0.30540348071056655
3.6867107733964417
2.1831982575675397
3.3516543053102623
1.292418144041278
6.181227445131668
1.3448270856895874
1.3366824154708752
0.1841802689655765
1.616766507475603
3.5560967977488644
4.790077331138889
6.510267988395299
1.5190421687677826
7.749514267038904
1.9362493070481719
5.888355179554537
3.8746852182946725
3.213202247931548
3.465435258395445
2.7985488308121376
0.4375459637246024
3.834177917713049
9.406544818384617
-0.4701277977361258
2.4990066106512927
0.06293623836074858
13.166891243353206
5.844686659150398
1.2662916606816168
1.2790441694440347
3.9897093684637355
2.0537663394926255
-0.5934546608177129
1.1828513746527847
5.956051398944339
7.99292065352563
-0.030172296440071023
3.8344059364284817
3.7933634764454496
-0.7258375866218785
0.32011186579643436
0.5004196455941496
-0.3968779062016665
-1.0757621481623687
-0.285696417458837
3.2866171394907155
4.337336969975013
0.8538995448652713
1.4316043375524146
2.101544880516144
-0.5979090959598068
0.783868516567793
1.4537319155203647
2.200874457639941
1.897320948453995
4.057924549160958
5.720828164204363
1.5299147073148447
2.7771240986432986
7.584624939076463
-0.5750326141102278
7.571235019556326
0.3237561261865096
5.558652114683753
0.3836850326517265
-0.7593594908379657
3.3502110894848443
5.809352683996764
4.268094718403091
8.187124423765141
1.5268509222705688
5.670301315261668
-0.16850800101141772
6.850408335750615
1.157076250678756
-0.173912123930279
1.9705664017128868
5.5980506214191905
1.826093204266897
1.9549071964536893
-0.1971694113822764
-0.476186243336997
0.24119552607598393
-2.2157225884121203
0.18460033316125646
1.8759065287216004
3.3968438092095425
1.6137362200054781
1.60153223100491
3.108723785041917
-0.47875959354183806
-0.1805224158539147
2.047663717808888
1.1208957618550812
0.447571394019036
4.00986449235026
2.379325615273018
11.581638295100788
2.0567192324598693
6.474089682922738
1.5919200319025322
0.32717391537337903
4.35969561663822
3.433491754900558
1.8647325703189779
2.017639144613554
9.405354423710918
1.830481216221159
7.150855409952925
-1.7160417206197849
0.7963189928784118
0.5747819012101445
0.2151668693090869
9.278445077746397
3.3367195604661504
8.383419896774171
-0.1735742652123804
2.3878208673422137
2.9778403789672723
0.9346708578459015
0.10905107500684608
-0.7254602091637139
0.4317009546784334
-1.9632094638593571
1.1665411764555245
0.45864650428762843
1.2243333228610993
3.821603435897117
1.5214713308172065
-0.24656106857793247
0.3184760870148864
1.4821973420713732
1.0754058273419673
0.7128472890838964
0.5431138019969239
0.3865540475225657
4.053807313799808
1.5851527274958812
3.2987068405377613
0.2749968069364286
3.9942031354943026
9.034464921691153
6.045741218657923
4.370254570157442
3.5681378180538275
1.4295715241563585
-0.9414690913405366
-0.5457809283014114
1.171163620911699
2.8962980657277058
3.275003560183876
0.4435676387555816
1.2929366069164132
5.359487655982548
-0.0302662672814904
6.4791983139886895
6.668042931316677
2.8999204270485563
4.547904032386214
0.033809907073361956
6.144674633374336
1.4851307357849635
0.9077220390610705
9.658484210576802
3.876780686090484
-0.49648437726517614
-0.5826082369253527
-0.04233010349312849
5.504642053536969
1.0367059787189135
7.632366999126901
2.280754851141296
-0.350094733750268
1.7134636746616252
5.497188160254126
1.0465658878470094
-2.9398974879640036
8.826102239013807
3.3565488286837706
2.074147764055283
4.639920803816153
1.8105110161523328
1.9251934743370498
-0.20639584598066563
3.4285886398430705
1.4078529072928632
3.607114785275627
3.459681367462167
3.042453935960083
2.7205011072288983
0.913324669283611
-1.763878987221318
2.2287327255335185
5.046476188215422
3.7765407159144786
0.5388906646522003
0.20661533168043889
0.5200281239477249
-0.10006881177230298
1.381462626346405
-0.47421881952408285
0.9191174952243841
4.27382982113653
3.703612899871956
0.13370588363432034
-0.47405736915391117
1.2030561169507052
-0.19830331282318525
2.659099799660396
6.476805969580681
6.68526471733955
0.4822527632254321
-0.6159299686387385
-0.1600274073108494
-1.4777888795483136
8.11588066644552
0.564175516138107
0.9171151418427996
0.9473431048352836
1.5481137666472193
3.9322164591137323
5.072338392027262
-0.024541010484199433
2.74016866746814
-0.07621935401621727
-0.3368219931114709
4.89949187949955
-0.40319502001040064
0.5841800904742627
8.733517215145838
0.9843362213160276
-1.2182897447917753
-0.24890764985647706
-0.16696121405027498
2.544990357354351
0.08946464426873035
1.2095266133002553
1.2117585207701609
1.195791278584693
0.5195322020808533
2.047707456886201
0.42446313798953383
-0.12933088277733873
6.93386370956307
8.495426000288035
8.294411897213735
6.691352178299752
5.104697274334399
0.17430298074037864
-0.13693450422431397
4.119854538076822
-0.9994989584669156
0.23365913511338476
2.572745948798996
-0.08146980794433034
4.3483333060681275
3.8179810402673695
3.3700249017079216
0.8685425388634656
8.084349555017354
8.000911566266382
0.7996735298001738
8.940462582713764
0.3061361830094427
4.611631612445166
0.25254343420701275
-2.319286365175543
0.10944614158592003
8.55182531128051
6.950569974857331
0.526707465642346
1.428586981574739
3.3548783016782124
0.7528135032350178
0.12498575611158458
3.529448228604906
7.876449913363587
-0.6043191082310955
0.2701498957555657
2.556124856167628
5.476796698722325
2.2065185111196115
2.997770549963377
-1.0261973151884831
0.7158956114545276
3.054083593458813
3.1966376133143513
6.353239240058883
1.5620072349134375
2.322863163314196
2.0293869010306764
5.622832274890698
2.669820560593706
6.363222985969259
2.006451701044284
1.3061979356224072
-0.18226954356407532
5.017812631435476
3.0759051238595703
3.947114135378314
5.259307797946121
0.7021625224744241
-1.4583123710335144
1.2837236431704753
0.15142325761451048
1.6135875696222968
-1.074124382933519
5.423328279102179
0.34158262983083887
5.925039352918333
0.12240005021385514
12.260361547944314
0.7865910015151485
0.4521778018837779
5.843297310502635
0.7128569280054649
0.9324673359790836
0.28721858421485535
0.5924715664837663
-1.364342579161388
0.8972061776064493
1.9956615482280426
0.6190740323191335
0.17587820730176418
3.395036957784697
7.286020864805238
2.7124617306369316
1.9236665795734211
6.267058721491168
1.0489692621936797
1.0958435013025394
1.742515227955721
-0.9798290430348686
0.38758934439144355
1.899185052257394
0.49772116708845715
6.445013804275476
1.9744718935736216
-0.012854167553854268
-3.568033000148489
4.2783665713419055
0.4663463055740067
2.612924275172759
15.712251556480481
3.647098354654929
0.539720362118544
8.349344868349817
0.01332207472717073
1.8122606625683488
0.06831576275544649
0.5822432739782926
5.171616682400952
1.7755064863320342
-0.33418321213042645
5.614491716676838
4.871138810286425
5.421262078780302
3.0778867335136226
1.6178188731998944
4.887632407167928
0.8940172750490376
6.456412493496686
5.266729529205378
5.655724979967005
3.034716358158704
6.138591928743153
-1.1934016734215902
1.2910614975506292
0.25501864355285875
6.591231072341714
1.2571511410995413
1.00073691271038
6.949734015558505
3.812593939505547
3.551954541989744
0.2205506844199192
7.67054739489754
-3.0701409179562233
4.708242803863271
5.902896137234023
3.418715153742255
-1.310407373672831
0.19196020911613232
2.648504755867009
2.889425219750791
2.0263915479129935
2.351040637415764
0.799403296126286
5.277229161260323
3.2360697137451666
2.7627408715335093
5.1022715025945615
4.579325814767827
0.2779165170397846
1.7670506372363661
1.2358316382754992
2.203980102761932
-2.3358938941592555
-0.6795396367785429
1.63363153240374
7.606700320691829
-0.21910178296747063
7.060557339706378
4.020255781866126
11.010914245346981
4.8709148843652486
0.9093822893825063
3.0197998685344487
0.8441839201187804
2.681854040793553
-0.8825247928060946
2.174902644687762
9.71376780161151
3.8322983010707787
2.771374910332014
2.7630036832053975
0.6430864728181405
0.055801481960429555
3.6896341132924704
3.837260772389584
-0.07395051120232665
4.293738903003344
-2.2219788911882574
1.4335096301586532
4.9923781520737975
6.898341529762405
0.919258274131181
2.237199153172895
6.045822409200099
10.555072629121327
4.724934840187302
0.7147097803539282
-0.08555631782917317
6.2886458554331455
8.204335233638005
1.3795648518747896
2.5147219053913545
0.08114961807831378
1.8412171097564851
1.8739700286359096
0.9462153313779709
6.881822215431271
-0.9042246152641837
1.5418579444781813
0.6082220833426959
6.171509413670492
2.9813458185096806
5.232134240747257
5.925670629144463
5.291441393209169
4.5856019986466094
3.810222715119721
8.339604925077339
7.635740280455423
4.291859805637415
15.389172663745342
1.2798006426531856
2.675228536016732
4.052937529786391
5.84450183995358
0.28498266603378397
1.1383300763936006
1.2519938467416978
0.6884607121698991
12.416431779128828
0.5434648769750083
0.36218697124979826
-1.8993862341221188
7.201769509874808
-0.9941954954872187
0.498306924782014
-1.8173794328927784
4.5591738312839425
7.505618166404872
0.21739137587289292
1.7391435609957853
1.0140849189639312
5.774287085107147
-0.2672102996700687
0.5113725066996722
2.416421507434194
0.04146601069828648
0.6071846829794367
7.2711743566882205
1.258546956088253
9.66781155539428
6.615922302447245
5.356479912538816
8.35090044388565
8.580545154962238
4.164142391608152
0.2211361352353265
2.4369754502887417
8.519448861133469
0.5745315582811941
5.057097765384697
