-0.40546510810816017
-0.17435338714478021
1.1349799328389878
0.47000362924573835
1.252762968495368
-0.6931471805599436
0.644357016390515
0.37729423114146954
0.2876820724517799
1.5404450409471444
2.0329215260449445
0.7339691750801975
0.875468737353895
0.40546510810816017
2.7260687066048934
1.540445040947148
-0.06453852113756753
0.2595111954850857
-0.25951119548508217
1.6964492894237342
0.4906229164484728
-0.7621400520468953
0.06899287148695166
0.2921364228011605
0.8266785731844664
0.8472978603872008
2.949212257919097
0.0
0.0
-0.08515780834030906
1.3679452224516968
2.101914397531896
-0.9343092373768371
0.4744579795951154
0.644357016390515
0.47000362924573835
-0.4744579795951154
-0.04879016416943216
3.552713678800501e-15
0.0
-0.5877866649021186
0.40546510810816017
-0.37729423114146954
0.47000362924573835
0.2876820724517799
0.40546510810816017
0.0
0.0
-0.0689928714869481
1.3679452224516968
0.4418327522790335
-1.367945222451695
-1.4271163556401447
1.540445040947148
1.4087672169719525
1.4271163556401447
2.284235954325853
0.11778303565638737
1.3173014896329391
0.20294084399668932
0.7339691750802011
0.47000362924573835
0.4906229164484728
2.032921526044941
0.6649763035932494
-0.29213642280116403
-1.1349799328389842
0.25951119548508217
1.89939013342042
0.2876820724517799
-0.39749693845898904
0.0
0.7295148247308205
0.0
0.0
2.0329215260449445
1.1188149959856304
0.0
-0.29213642280116403
0.37729423114146954
-0.44183275227903707
-0.8472978603872043
0.8754687373538985
0.11778303565638382
0.8754687373538985
0.5877866649021186
0.0
-0.4336359850748579
0.46203545959655656
0.0
0.06899287148695166
-0.44183275227903707
2.101914397531896
0.5798184952529439
0.25951119548508217
-0.4054651081081637
2.207274913189721
0.7339691750802011
0.4054651081081637
-0.17435338714478021
0.8393296907380297
-0.5877866649021186
0.4054651081081637
1.1188149959856304
0.11778303565638737
0.8754687373538985
0.0
2.1019143975318926
-0.4054651081081637
0.0
0.9650808960435882
-0.2595111954850857
1.167605160155059
1.4271163556401483
0.47000362924573835
0.5798184952529439
0.6649763035932494
1.1349799328389807
-0.40546510810816017
0.8472978603872008
0.5798184952529404
0.04879016416943216
0.11778303565638737
3.123565645063877
1.252762968495368
1.4271163556401447
1.252762968495368
0.8472978603872043
-0.7295148247308205
-0.5877866649021186
1.1349799328389878
1.850599969250995
2.9492122579191005
1.6274564179367808
-0.4924764850977965
-0.4418327522790406
-0.25951119548508217
1.0498221244986752
-0.9343092373768336
1.6274564179367772
0.4620354595965601
1.0986122886681073
-0.15415067982726072
0.0
-0.08515780834030551
0.8754687373538985
0.0
-0.9118363815247754
2.661530185467319
1.2729656758128876
-0.4906229164484692
0.8266785731844664
-1.1349799328389807
0.0
0.7339691750802046
1.272965675812884
0.0
0.17435338714477666
-0.22314355131421237
2.543747149810935
0.47000362924573835
0.4744579795951154
-0.25951119548508217
0.0
0.22314355131420882
0.8754687373538985
-0.9830994015462693
-0.17435338714477666
0.37729423114146954
0.5877866649021186
-0.06453852113756753
0.8472978603872008
1.4271163556401447
0.47445797959511893
0.0
0.6931471805599472
0.810930216216331
1.1349799328389807
0.0
0.03636764417087335
1.367945222451695
1.1349799328389842
0.29213642280116403
0.11778303565638026
1.540445040947148
-0.7295148247308205
-0.9650808960435846
-0.25951119548508217
0.17435338714478021
-0.2876820724517799
1.167605160155059
2.661530185467319
-0.37729423114146954
0.18232155679395845
0.4744579795951154
0.0
-1.0296194171811592
1.3217558399823162
-0.15415067982726072
-0.3566749439387351
1.2729656758128876
0.810930216216331
0.9343092373768371
-1.098612288668111
-0.6649763035932494
-0.6649763035932494
0.0
-0.06453852113756753
1.2729656758128876
0.46203545959655656
-1.6094379124340996
-0.105360515657825
-0.7801585575495764
-0.35667494393873156
-0.1823215567939549
-1.1676051601550625
-1.1349799328389807
0.2876820724517799
-0.8266785731844664
-0.11778303565638382
1.6274564179367772
-0.7295148247308205
1.0986122886681073
1.3217558399823162
1.0986122886681073
-0.8472978603872008
-0.22314355131420882
-0.8754687373538985
-0.28768207245177635
1.7452394535931646
0.11778303565638737
0.8472978603872008
-0.47000362924573835
2.0329215260449445
0.897941593205962
0.8393296907380297
0.0
0.47445797959511893
1.7452394535931646
0.911836381524779
0.46203545959655656
1.203972804325936
1.6964492894237342
0.6931471805599436
0.11778303565638737
0.25951119548508217
0.4418327522790406
-0.29213642280116403
0.2876820724517799
0.5798184952529404
0.0
-1.7452394535931646
-0.4054651081081637
1.1676051601550625
0.6931471805599436
1.3217558399823162
0.9650808960435846
1.098612288668111
-0.06899287148695166
0.4620354595965601
1.0986122886681073
-0.25951119548508217
0.0
0.2876820724517799
-0.4620354595965601
0.0
0.15415067982725716
0.0
0.0
1.7147984280919246
0.5798184952529439
-1.309333319983761
0.4336359850748579
0.4620354595965601
-0.06453852113756753
2.661530185467319
1.252762968495361
0.20294084399668932
-0.6649763035932494
0.0
-1.1349799328389807
0.2876820724517799
2.9492122579191005
0.0
0.44183275227903707
-0.2876820724517799
-1.2527629684953645
0.11778303565638737
0.7621400520468953
0.40546510810816727
0.06453852113757108
-0.6931471805599436
0.5877866649021186
0.9650808960435846
1.1349799328389878
0.0
0.9118363815247719
0.04879016416943216
0.37729423114146954
0.0
1.252762968495368
1.0498221244986752
0.0
-0.8472978603872008
-0.17435338714478021
0.9650808960435846
1.1349799328389807
-0.43363598507486145
0.5798184952529404
2.284235954325853
1.6274564179367808
-0.06899287148695166
0.810930216216331
-0.43363598507486145
0.44183275227903707
-0.8754687373538985
0.9650808960435882
0.25951119548508217
2.032921526044941
-0.2921364228011605
-1.1349799328389807
0.5877866649021204
0.0
-0.11778303565638026
0.38484582090542574
0.46203545959655656
0.0
0.644357016390515
-0.6931471805599436
-0.40546510810816017
1.4271163556401447
0.4906229164484692
0.0
0.06899287148695521
0.0
0.3566749439387351
-1.252762968495368
0.2876820724517799
0.22314355131420882
-0.18232155679395845
1.1349799328389807
-0.35667494393873156
0.8472978603872043
-0.06899287148695521
0.0
0.0
0.0
0.40546510810816017
-0.1823215567939549
0.46203545959655656
-0.11778303565638382
0.8266785731844664
0.4418327522790406
0.0
1.6094379124340996
0.20294084399668932
2.032921526044941
-0.25951119548508217
1.7147984280919246
1.1349799328389842
0.2595111954850857
0.7621400520468953
-0.6649763035932459
0.40546510810816017
0.0
1.1349799328389842
0.0
0.0
-0.15415067982725716
0.2876820724517799
-0.2876820724517799
0.5798184952529439
-0.11778303565638382
-0.2876820724517799
0.0
0.29213642280116403
0.40546510810816017
0.8754687373538985
0.9162907318741542
1.7452394535931681
-0.4418327522790335
0.7295148247308205
0.6931471805599436
0.03636764417087335
1.4087672169719525
-2.101914397531896
-0.44183275227903707
-0.4418327522790406
0.6649763035932459
0.4418327522790406
1.3679452224516968
3.552713678800501e-15
0.0
2.0329215260449445
-0.1823215567939549
1.3173014896329356
-0.105360515657825
-1.5404450409471444
0.0
0.4924764850977983
-0.2876820724517799
0.810930216216331
-0.40546510810816017
0.1823215567939549
0.6649763035932494
-0.08515780834030906
0.9343092373768371
0.37729423114146954
0.0
-1.2527629684953645
-0.356674943938728
-1.0296194171811592
-1.1349799328389842
1.7452394535931646
0.2876820724517799
-0.11778303565638026
0.6649763035932459
0.2595111954850893
0.47000362924573835
0.22314355131420882
-1.0986122886681073
0.0
-1.2039728043259394
-0.15415067982726072
1.7452394535931681
-0.11778303565638382
-0.0689928714869481
0.39749693845898904
0.0
-0.47445797959511893
1.7147984280919246
0.897941593205962
-0.7339691750802011
0.11778303565638382
2.101914397531896
-0.2876820724517799
0.8754687373538985
-0.22314355131420882
-0.9118363815247754
0.0
0.2876820724517799
-0.06899287148695521
-1.0986122886681073
-0.40546510810816017
-0.18232155679395845
-0.4054651081081637
1.098612288668111
1.3679452224516968
-0.105360515657825
0.0
0.47000362924573835
-0.2876820724517799
0.15415067982726072
-0.105360515657825
-0.10536051565782856
0.0
0.5798184952529439
-0.6649763035932494
0.8472978603872043
0.4744579795951154
0.44183275227903707
0.0
0.6931471805599472
1.2527629684953645
0.0
0.25951119548508217
0.43363598507486145
-0.8393296907380297
-0.7621400520468953
-0.5798184952529439
0.11778303565638026
1.167605160155059
0.11778303565638737
-0.39749693845898904
-0.11778303565638026
-0.6931471805599401
1.6274564179367772
-0.4700036292457348
0.20294084399668577
1.3173014896329391
1.252762968495368
0.20294084399668932
-1.0498221244986752
-2.2072749131897247
-0.22314355131420882
0.0
-0.3974969384589926
-0.9650808960435882
-0.11778303565638026
-0.8266785731844664
-1.4271163556401447
0.5798184952529404
1.1349799328389878
0.6931471805599436
0.40546510810816727
0.0
-1.3217558399823197
1.7452394535931646
0.8754687373538985
0.4418327522790406
-0.8754687373538985
3.018205129406052
0.3566749439387351
-0.46203545959655656
0.46203545959655656
0.38484582090542574
-1.2729656758128876
0.11778303565638382
0.46203545959655656
-0.43363598507486145
0.06899287148695166
-1.252762968495368
0.9650808960435846
-0.28768207245177635
0.6649763035932494
-1.3679452224516968
-0.06453852113756753
-0.897941593205962
0.39749693845898904
1.224175511643459
-0.25951119548508217
0.10536051565782856
0.7801585575495764
-1.3093333199837645
0.25951119548508217
0.9118363815247754
-0.4336359850748579
1.7452394535931646
1.224175511643459
1.1188149959856268
-1.1349799328389842
0.7339691750802011
1.7452394535931646
0.15415067982726072
0.2595111954850857
0.5798184952529404
2.7260687066048934
0.7621400520468953
-0.8754687373538985
0.11778303565638026
-0.22314355131421237
0.5877866649021204
0.5798184952529404
0.7295148247308205
-1.1349799328389807
-1.1349799328389878
0.8754687373538985
-0.11778303565638382
0.4054651081081637
-1.5404450409471444
0.4906229164484692
0.8393296907380261
1.167605160155059
0.6931471805599472
-0.11778303565638737
0.40546510810816017
-1.0498221244986752
0.06899287148695166
0.0
0.7801585575495764
0.4418327522790406
0.9830994015462693
-0.4620354595965601
0.0
-0.4906229164484728
1.3173014896329356
2.9492122579191005
0.0
0.644357016390515
-0.7801585575495764
-0.11778303565638737
0.2876820724517799
1.4271163556401447
-0.9162907318741542
-0.729514824730817
1.0986122886681073
0.3566749439387351
0.4924764850977983
-0.8393296907380261
0.0
0.37729423114146954
1.7452394535931681
0.9650808960435846
-0.7339691750801975
-0.47000362924573835
0.4418327522790406
-0.37729423114146954
1.6274564179367808
0.5877866649021186
3.123565645063877
1.6964492894237342
-0.40546510810816727
0.06453852113756753
1.540445040947148
-1.0296194171811521
0.8472978603872043
1.252762968495368
-0.04879016416943216
1.89939013342042
0.0
1.0498221244986752
0.7339691750801975
-0.6931471805599472
0.810930216216331
0.0
-1.2729656758128876
-0.9830994015462693
0.0
-0.1541506798272536
0.11778303565638737
0.6931471805599472
-1.3173014896329356
0.5798184952529439
-0.8472978603872043
0.15415067982726072
0.4620354595965601
0.46203545959655656
0.4924764850977983
0.0
2.661530185467319
1.252762968495368
0.4054651081081637
2.101914397531896
0.25951119548508217
-0.47445797959511893
-0.17435338714478021
1.6274564179367808
1.4087672169719525
-0.11778303565638026
0.04879016416943216
0.8109302162163274
-0.105360515657825
-0.5877866649021186
0.4418327522790406
0.25951119548508217
2.949212257919097
-1.0498221244986716
-0.10536051565782856
-0.4418327522790406
0.0
-0.17435338714478021
0.6649763035932494
0.356674943938728
-0.40546510810816727
1.6274564179367808
0.6649763035932494
0.38484582090542574
1.6274564179367808
0.897941593205962
0.11778303565638026
1.4271163556401447
2.7260687066048934
0.22314355131420882
1.6964492894237342
-1.3173014896329391
0.46203545959655656
1.7147984280919246
0.0
0.40546510810816017
-0.4620354595965601
0.7621400520468953
0.40546510810816017
1.0986122886681073
-0.6931471805599436
-0.4336359850748579
0.4620354595965601
-0.7295148247308205
1.3173014896329356
1.1349799328389807
-0.2921364228011605
-0.25951119548508217
0.810930216216331
2.7260687066048934
0.0
0.25951119548508217
0.25951119548508217
0.4336359850748579
-0.4620354595965601
1.3093333199837645
-0.5798184952529439
0.6931471805599472
2.2072749131897247
-0.06899287148695166
-0.8754687373538985
1.0986122886681073
0.7621400520468988
0.40546510810816727
-0.06899287148695521
-0.38484582090542574
1.167605160155059
0.8754687373538985
2.032921526044941
0.5877866649021186
1.2039728043259394
-0.911836381524779
0.0
1.540445040947148
-0.37729423114146954
1.2241755116434518
3.1235656450638736
1.3679452224516968
-0.5798184952529439
0.11778303565638026
0.2921364228011605
0.6649763035932459
0.47000362924573835
-1.6094379124341032
0.0
0.5798184952529439
0.7621400520468953
-0.40546510810816017
0.4418327522790406
0.11778303565638026
-0.37729423114146954
-1.3093333199837645
0.0
-2.661530185467319
0.0
0.897941593205962
0.9162907318741542
0.4744579795951154
3.552713678800501e-15
1.6094379124340996
0.7621400520468988
0.0
0.6931471805599436
0.06899287148695521
1.252762968495368
0.9162907318741542
-0.7801585575495764
-1.3093333199837645
0.4054651081081637
-1.6274564179367772
-0.17435338714478021
0.0
0.8472978603872008
0.9830994015462693
1.4271163556401447
1.0986122886681073
0.0
-1.0498221244986752
0.4700036292457348
0.8754687373538985
-0.105360515657825
-0.15415067982725716
0.20294084399669288
-0.46203545959655656
-0.22314355131420882
-0.11778303565638737
0.4924764850977965
-0.46203545959655656
1.850599969250995
0.5877866649021186
-1.0986122886681073
-0.11778303565638026
0.8393296907380261
2.543747149810935
-0.04879016416943216
0.4744579795951154
1.6274564179367808
1.3093333199837645
-0.5877866649021204
1.6094379124340996
0.8754687373538985
-3.552713678800501e-15
-0.22314355131421237
1.252762968495368
-0.11778303565638737
-0.40546510810816727
1.2527629684953645
0.17435338714478021
1.167605160155059
0.40546510810816017
1.367945222451695
1.2527629684953716
-0.40546510810816017
-0.8266785731844664
0.9830994015462693
-0.644357016390515
1.367945222451695
0.9650808960435882
0.8754687373538985
-0.6649763035932494
0.9650808960435882
0.7339691750802046
0.0
0.8472978603872008
0.18232155679395134
-0.28768207245177635
0.39749693845898904
0.17435338714478021
-0.2876820724517799
-0.4744579795951154
-0.4418327522790335
0.9650808960435882
0.9650808960435882
0.5798184952529439
-0.4924764850977965
-0.47000362924573835
0.8754687373539003
0.0
2.1019143975318926
-0.46203545959655656
-2.284235954325853
1.6274564179367772
-0.7801585575495764
0.9343092373768336
0.8472978603872043
0.6649763035932459
0.7339691750802011
2.284235954325853
1.4271163556401447
3.123565645063877
-0.18232155679395845
1.252762968495368
-0.11778303565638737
0.8472978603872008
0.4620354595965601
0.7295148247308205
-0.4744579795951154
1.4271163556401447
-0.47445797959511893
-0.4924764850977983
1.0498221244986752
1.7452394535931646
0.25951119548508217
0.9830994015462693
0.6931471805599472
0.5877866649021186
1.098612288668111
1.3173014896329391
1.7452394535931646
0.7621400520468953
0.40546510810816017
0.06453852113756753
0.8472978603872008
1.1349799328389807
-0.37729423114146954
1.5404450409471444
0.44183275227903707
-1.0498221244986752
-1.7452394535931646
-0.4924764850977965
0.11778303565638026
0.11778303565638026
1.4087672169719525
-0.5798184952529404
0.8393296907380261
-0.7295148247308205
0.40546510810816727
0.2876820724517799
1.367945222451695
0.10536051565782856
2.284235954325853
0.06899287148695166
-0.08515780834030906
0.47000362924573835
0.4620354595965601
-0.5798184952529404
-0.8472978603872008
0.18232155679395134
0.37729423114146954
0.04879016416943216
0.9830994015462693
0.0
1.167605160155059
0.0
-1.252762968495368
0.22314355131421237
1.7147984280919246
-0.44183275227903707
0.6443570163905115
1.850599969250995
1.098612288668111
0.8109302162163274
-0.37729423114146954
-0.1823215567939549
0.0
3.1235656450638736
0.0
0.25951119548508217
0.6931471805599472
0.897941593205962
1.809777974730732
-0.9162907318741542
1.6274564179367772
-0.105360515657825
1.2729656758128876
0.0
0.8109302162163345
-0.7621400520468953
1.4087672169719525
1.252762968495361
0.29213642280116403
0.4336359850748579
0.7621400520468988
1.7452394535931646
-0.9830994015462693
2.1019143975318926
-0.22314355131420882
0.17435338714478021
-0.8979415932059585
0.25951119548508217
1.7452394535931646
0.4924764850977983
0.8472978603872043
-0.9650808960435846
1.3217558399823162
0.06899287148695521
1.203972804325936
1.0986122886681073
0.6931471805599401
-0.7295148247308205
0.0
-0.22314355131420882
1.4271163556401447
0.7621400520468953
2.661530185467319
-2.543747149810935
0.11778303565638737
-0.0363676441708769
1.0296194171811557
-0.4906229164484692
-1.89939013342042
-2.284235954325853
-0.15415067982726072
0.2876820724517799
0.0
1.1188149959856268
1.2527629684953645
0.0
0.0
1.1188149959856304
-0.6931471805599401
0.11778303565638026
0.7621400520468988
1.167605160155059
0.0
0.6649763035932494
0.9650808960435882
0.8754687373538985
0.0
0.0
-0.06899287148695521
-0.4418327522790406
0.6649763035932494
0.0
1.3217558399823162
1.4087672169719525
0.0
0.6931471805599436
1.2527629684953645
-0.1823215567939549
-0.37729423114146954
0.0
0.11778303565638737
-0.4924764850977983
0.15415067982726072
1.3093333199837645
0.22314355131420882
0.4336359850748579
2.101914397531896
0.17435338714477666
0.6649763035932494
0.37729423114146954
2.0329215260449445
0.8266785731844664
0.2595111954850857
-0.6649763035932494
-0.9650808960435882
0.0
0.0363676441708769
0.644357016390515
-0.35667494393873156
0.0
-0.3566749439387351
0.25951119548508217
1.252762968495368
1.6274564179367772
1.1349799328389842
-0.9162907318741542
0.4418327522790406
0.105360515657825
-0.11778303565638737
-0.9650808960435882
-0.40546510810816727
0.6931471805599436
1.367945222451695
0.0
0.6443570163905115
1.167605160155059
-1.0986122886681073
0.6931471805599401
1.809777974730732
0.7339691750802046
0.06453852113756753
0.2876820724517799
0.5798184952529439
1.252762968495368
1.367945222451695
