1.2656663733312783
-0.9416085398584464
1.3789950586382744
1.0245043165143848
-1.3107060037957332
-1.9712279570395985
0.8501509293696081
-0.47957308026188983
-0.2586137307625158
0.5398939654552528
0.2135741002980609
2.438386634153108
3.711352309965992
0.7346380422477701
0.14685137734564435
0.9453590735634201
0.1082135846402359
0.3313571359544447
-0.40261203912575283
0.6168550065913827
1.3121863889661647
3.711352309965992
-0.24846135929849922
-0.6337237600891434
0.2135741002980538
1.0245043165143848
0.1082135846402359
-0.24846135929849922
0.5035263212843795
0.14458122881110924
-0.06613980250454077
0.6960002495423581
0.4345334497974278
0.5908683314395198
0.4234836136108413
1.3710268889890962
2.543747149810933
-0.2972515234679314
0.6678293725756568
1.8505999692509896
0.5035263212843866
-0.24846135929849922
0.10821358464022879
0.24401512579929374
-0.43078291609245056
-0.8362480242006178
1.4167353866211272
0.15700374880966805
2.669498355116499
-0.2586137307625158
-0.47160491061271514
2.2640332470083386
-0.5849335959197113
-0.5849335959197113
-1.4648566836229868
1.8505999692509931
1.196673501844323
1.0913129861865016
0.1082135846402359
-1.6471782404169524
2.4383866341531046
-0.43078291609245056
-0.47957308026188983
1.9951811980621024
0.031252543504098895
-1.087562452481528
0.6678293725756497
2.081711690214373
0.7912083937361665
0.801360765200176
0.8399985579055951
-0.5950859673837279
2.1129642337184755
0.21357410029806445
1.1966735018443266
2.1129642337184826
0.3958956570920087
-1.1647520911726552
1.091312986186498
1.8142323250801127
0.9475432753782549
-0.5849335959197113
1.0529037910360763
0.8501509293696081
0.3393253056036194
-0.14310084364067777
1.5533484457830546
0.4234836136108413
0.5136786927483961
3.1235656450638736
0.3958956570920158
-1.0957592196857
-0.45140220329518854
1.4198170531585355
2.726068706604888
2.295285790512434
0.21357410029805735
-0.3336191676388012
0.5412666492672251
-0.14310084364067777
-0.47957308026188983
-1.0673597451640013
2.543747149810933
0.17502225431233853
0.39589565709200514
-0.8726156683715018
-0.8362480242006107
-0.9416085398584464
-0.5849335959197113
-0.4795730802618827
-1.1929229681393494
0.21584424883260667
1.0245043165143848
0.5035263212843795
-0.14310084364067777
1.0913129861865052
-0.07410797215371545
0.6678293725756568
1.0245043165143848
-0.22006188477680766
0.5035263212843795
1.8993901334204182
-0.07410797215372256
-0.47957308026188983
-0.03774032798284921
-0.15129761084485338
1.958813553891222
1.717651497074332
-1.1239300966523977
0.10821358464023234
3.131533814713052
0.9779843008795019
0.4345334497974207
1.5533484457830546
0.8013607652001724
0.21357410029805735
1.5331457384655387
0.21357410029806445
-0.47160491061270804
1.0245043165143848
1.7074991256103154
1.1786549963416455
1.0112702785129635
0.2905351414341766
1.2656663733312747
0.44468582126144085
3.711352309965992
-0.47957308026188983
-0.45140220329518854
0.21357410029806445
-1.3268709406490835
-1.432231456306912
-0.2972515234679243
1.8128596412681368
-0.17946848781155111
-0.65392646740667
0.734638042247763
0.3291729341396028
1.640690455938202
0.10821358464023234
0.5035263212843795
0.3313571359544447
-0.07629217396855736
-1.5012243277938673
0.21357410029805735
1.3710268889890962
-0.07410797215371545
-0.15325321510469436
0.09806121317621219
0.3958956570920087
-0.7672551527136626
-0.7390842757469755
-0.07629217396856092
1.0245043165143919
1.6762465821062094
1.1298648321722133
0.6960002495423474
1.6122909814165105
1.0245043165143848
1.958813553891222
-0.47160491061270804
0.9475432753782549
3.1315338147130554
0.3291729341396028
-0.739084275746972
0.801360765200176
1.0245043165143848
-2.4820535808055944
-1.1239300966523977
2.4383866341531046
-0.06613980250454787
1.9951811980620953
-0.35667494393873334
0.39589565709200514
1.196673501844323
0.8013607652001724
-0.5849335959197113
0.1082135846402359
1.3508241816715802
-1.1239300966523977
-0.07410797215372256
-1.2780807764796513
1.4967780942946654
0.5136786927484032
1.02232011469955
0.2623642644674895
1.7844601667464453
1.01127027851296
0.801360765200176
1.7844601667464453
-0.14310084364067066
1.2656663733312747
-0.24846135929849922
2.0817116902143766
0.6778797084291632
-0.6539264674066665
0.8013607652001724
-1.3470736479666066
-0.07410797215372256
2.4383866341531153
1.5533484457830617
3.1315338147130483
-0.07410797215372256
1.429969424622552
1.2656663733312747
-0.1431008436406742
1.1660038787880893
0.9475432753782549
-0.0377403279828421
-0.045937095187028376
1.2656663733312747
1.7074991256103154
1.4198170531585355
0.44468582126144796
-1.7525387560747738
1.0913129861865052
1.676246582106213
-0.2586137307625158
1.8898206824042738
1.1966735018443266
1.3121863889661718
-1.3935936636015072
-0.10227884912041674
1.1786549963416384
-0.06613980250454787
-0.07410797215372256
1.7074991256103118
-0.1431008436406742
0.5136786927483961
-1.318902770999916
1.7074991256103154
-0.739084275746972
0.5035263212843795
1.717651497074332
1.1966735018443266
0.7731898882334782
3.8167128256238207
-0.8362480242006178
1.2068258733083432
-0.6539264674066665
0.5035263212843795
-0.9416085398584428
0.0980612131762193
1.091312986186498
0.029068341689260535
1.8999730538682833
0.6088868369422009
1.9951811980621024
0.6190392084062246
3.1315338147130554
0.031252543504106
1.091312986186498
-0.5462958032142922
0.801360765200176
1.5331457384655316
1.0913129861864945
0.8013607652001724
1.7074991256103154
1.7074991256103083
-1.0593915755148267
2.264033247008328
0.5035263212843795
-0.47957308026188983
-0.06613980250454787
1.01127027851296
0.3958956570920087
1.4479879301252332
0.0028530689824073363
2.1411351106851697
-0.451402203295185
1.671131481439435
1.0223201146995429
-0.47160491061270804
1.01127027851296
-1.164752091172648
0.8013607652001724
-0.24846135929849922
-0.8726156683714841
-0.3742125646040577
3.711352309965992
-0.8362480242006107
0.15700374880966095
1.0913129861865052
1.1276806303573714
0.6576770011116366
2.2842359543258475
-1.278080776479662
0.3313571359544376
0.14685137734565146
-1.7889064002456472
1.3508241816715802
-0.15129761084485338
-0.43078291609245056
0.2803827699701671
-0.6539264674066665
2.1411351106851733
2.6207081909470737
0.9475432753782549
-0.4795730802618827
2.582967862964214
0.4446858212614515
0.2623642644674966
0.6190392084062246
1.2656663733312747
-0.14310084364067777
1.958813553891222
1.8585681389001643
0.10821358464022879
0.8013607652001724
-1.0593915755148267
0.5398939654552599
0.6168550065913792
0.7731898882334853
-0.4795730802618827
1.9951811980620953
0.3313571359544447
1.0245043165143848
0.9836823219941238
1.7074991256103154
0.7323678937132243
1.3508241816715802
-0.15129761084484983
3.1235656450638736
-0.4795730802618934
1.3508241816715838
1.717651497074332
-1.095759219685707
1.2656663733312783
-0.19189100781010282
2.438386634153108
0.0028530689824073363
0.6576770011116402
1.8898206824042667
2.6207081909470737
0.9836823219941238
0.5412666492672251
0.6576770011116402
-0.07410797215372256
0.13638446160692652
0.47285669822814214
2.726068706604895
0.5035263212843795
0.2905351414341766
-1.3470736479666137
-0.4997757875794058
-1.1647520911726552
1.1966735018443266
0.9836823219941238
-0.7672551527136626
-1.241713132308785
0.29053514143418724
-1.2780807764796656
1.3508241816715802
-0.40261203912575283
0.5035263212843795
0.21357410029805735
-1.0957592196857
1.4198170531585355
1.958813553891222
-0.905240895687573
0.7731898882334853
1.9386108465736989
-0.074107972153719
0.9475432753782549
1.3508241816715874
1.6122909814165105
-0.6337237600891541
0.10821358464022879
1.0245043165143848
-0.2972515234679243
-0.3538218749563242
0.5398939654552564
1.8585681389001643
-0.664078838870676
0.3313571359544447
0.10821358464022879
0.9475432753782549
-0.4795730802618827
1.1966735018443266
-0.47957308026188983
-0.8362480242006178
1.4843555742961065
1.0245043165143848
1.938610846573706
0.1082135846402359
-0.8362480242006107
2.1411351106851733
0.14685137734564435
0.7731898882334782
-0.8362480242006249
-0.6539264674066665
0.39589565709201224
2.6207081909470737
0.6190392084062211
-0.045937095187028376
-0.07410797215372256
2.543747149810933
1.8505999692509896
0.9836823219941273
0.39589565709200514
-0.47957308026188983
0.1468513773456479
-0.6618946370558412
0.0028530689824037836
1.0913129861865052
1.091312986186498
1.2656663733312747
-0.6539264674066665
1.0223201146995429
-0.2586137307625158
0.6168550065913827
0.801360765200176
-0.7308875085427893
-0.14310084364067777
-0.739084275746972
0.3291729341396028
-1.0673597451640013
-1.026766348198752
-0.07410797215372256
-0.179468487811544
-0.43078291609245767
-0.10227884912041318
0.10821358464022879
0.3393253056036123
1.4277852228077101
1.4843555742961065
-0.4795730802618827
1.938610846573706
1.091312986186498
-0.40261203912575994
0.3291729341396028
1.0112702785129635
1.127680630357375
0.44468582126145506
0.1358015411590614
-1.7990587717096673
-0.045937095187028376
0.1082135846402359
-1.0673597451640013
-0.045937095187028376
0.6960002495423474
-0.4307829160924541
0.9836823219941309
-1.1647520911726552
-0.07410797215372256
0.031252543504106
1.0143519450503753
-1.7525387560747738
-1.5012243277938673
-0.47160491061270804
0.2623642644674966
2.1411351106851733
2.543747149810933
1.7074991256103154
1.2656663733312747
0.10821358464022879
3.354677366027264
1.2656663733312747
-0.9052408956875659
0.5035263212843866
1.091312986186498
0.3393253056036123
1.429969424622552
-0.37421256460406127
1.3508241816715874
-1.0957592196857
-0.04593709518702482
2.2640332470083386
0.1082135846402359
0.28038276997017775
-1.2780807764796585
-0.19189100781010282
0.5136786927483996
0.1468513773456479
-1.318902770999916
3.018205129406052
1.3121863889661647
0.9089914293925467
-0.43078291609245056
0.43671765161227327
-1.0957592196857
-0.04593709518702482
0.6678293725756532
0.7731898882334782
0.3313571359544447
0.21584424883260311
0.21584424883259956
-0.24846135929849922
1.091312986186498
0.6678293725756497
0.13638446160692297
0.1082135846402359
2.4383866341531046
-0.3336191676388047
-0.45140220329518854
0.2803827699701671
0.5035263212843866
0.44468582126144796
1.3530083834864222
0.0028530689824073363
-0.15129761084485338
1.2656663733312747
-0.2586137307625158
0.9475432753782549
0.1082135846402359
-0.4997757875794129
0.6190392084062211
-0.5849335959197184
0.5136786927483961
-0.07410797215372256
0.5776342934380985
0.14458122881110924
0.5412666492672251
-0.07629217396855736
1.6762465821062094
-0.045937095187028376
1.4087672169719525
-1.7763568394002505e-15
4.404499490525943
0.039220713153280684
1.4167353866211236
-0.47160491061271514
1.9386108465736989
1.7074991256103154
0.10821358464022879
2.0817116902143766
1.7074991256103154
0.9475432753782549
-1.026766348198752
0.4234836136108413
-0.07410797215372256
-0.9903987040278821
-0.08426034361773205
-1.0593915755148338
0.10821358464023234
-0.6640788388706831
0.6960002495423474
0.39589565709201224
1.378995058638278
1.0245043165143848
0.36772478012531096
1.8999730538682797
1.2656663733312747
0.13638446160692297
1.4198170531585355
1.5533484457830546
-1.1283844470017748
2.2640332470083386
-0.2200618847768041
2.081711690214373
1.388564509654433
2.543747149810933
1.1966735018443266
2.264033247008335
0.10821358464023945
0.5136786927484032
1.958813553891222
-0.14310084364067066
-0.22006188477680055
-0.4817572820767211
1.7452394535931646
1.0913129861865052
-0.36179004460550246
0.6088868369422009
-0.07410797215372256
0.5500463369192765
-0.24846135929850632
1.4198170531585355
0.5035263212843795
1.7074991256103118
0.6960002495423581
1.7176514970743284
0.09806121317621219
-0.3174542307854544
0.21584424883260311
3.711352309965992
2.543747149810933
-0.47957308026188983
1.1786549963416455
0.002853068982410889
-1.0593915755148338
1.091312986186498
0.839998557905588
1.1298648321722204
1.091312986186498
2.726068706604888
-0.47160491061270804
0.10821358464022879
3.3138553715070067
1.7074991256103154
-1.432231456306912
0.5035263212843795
2.1411351106851697
-0.47160491061270804
0.3393253056036123
-0.07410797215372256
1.8999730538682833
-0.5462958032142886
-0.29725152346793493
0.801360765200176
-0.3336191676388012
1.2656663733312783
0.8399985579055844
-1.5012243277938673
4.586821047319887
1.0913129861865016
1.5331457384655316
1.7176514970743284
3.018205129406052
3.1315338147130554
-1.6347557204183865
-0.07410797215372256
0.21357410029805024
1.0245043165143848
1.6122909814165034
1.717651497074332
0.801360765200176
0.1358015411590614
0.029068341689260535
0.3958956570920158
-0.19189100781010282
0.7912083937361594
-0.2972515234679314
0.1468513773456479
1.3530083834864222
1.302034017502148
1.1966735018443195
-0.43078291609245056
2.661530185467317
-0.9134376628917487
-0.8362480242006143
2.438386634153108
0.28038276997017064
1.0112702785129635
1.8534530382333934
-0.24846135929849922
-0.7592869830644879
0.5908683314395198
0.801360765200176
1.850599969250986
1.717651497074332
0.9475432753782549
0.9475432753782549
2.4006463061702625
-2.1662006313871167
3.131533814713052
0.8501509293696081
1.5331457384655387
-1.241713132308785
-0.4997757875794058
-1.241713132308785
-0.7592869830644879
2.9492122579191005
0.2135741002980538
2.438386634153108
1.2656663733312783
0.09806121317621219
-0.06613980250454787
1.3508241816715802
1.671131481439435
0.1082135846402359
1.6964492894237324
-1.1647520911726552
1.0143519450503753
1.2656663733312747
3.1315338147130483
0.5035263212843795
1.091312986186498
3.999034382417772
0.21357410029805735
-0.1532532151046908
1.5353299402803806
1.1966735018443266
-0.19189100781010637
0.10821358464022879
0.2905351414341837
-1.087562452481528
1.1276806303573714
0.28038276997017064
-0.47160491061270804
0.2623642644674895
2.295285790512441
-0.14310084364067777
1.0143519450503753
1.8585681389001643
0.3597566104761398
1.8999730538682833
-0.70044648304156
0.14685137734565146
1.4277852228077101
-0.35667494393873334
-0.3538218749563278
0.5035263212843795
0.10821358464022879
1.717651497074332
0.2543960948183148
-1.1929229681393494
2.0817116902143766
0.5908683314395269
2.726068706604895
-0.19189100781010282
0.17502225431234208
-0.36179004460550246
0.5908683314395269
0.3958956570920087
1.1276806303573679
1.5533484457830617
-0.5849335959197184
-0.0377403279828421
-0.07410797215372256
-0.7672551527136626
1.8142323250801127
1.2656663733312747
-0.3174542307854544
-0.9416085398584464
2.726068706604888
0.6960002495423474
-1.1239300966523906
1.717651497074332
1.378995058638278
-0.9134376628917487
0.108213584640243
0.5035263212843795
2.264033247008335
-0.8770700187208753
-0.9134376628917416
1.3508241816715802
-0.7672551527136626
-1.3107060037957403
2.543747149810926
-0.5567627189530064
1.0245043165143848
0.839998557905588
0.9475432753782549
0.2135741002980467
1.4198170531585355
1.2656663733312818
3.131533814713052
0.3958956570920087
-0.5950859673837279
1.196673501844323
1.717651497074332
-1.241713132308785
0.6190392084062211
0.5035263212843795
0.5035263212843795
1.02232011469955
-0.14310084364067066
1.2556160374777683
-1.087562452481528
1.640690455938202
0.44468582126144085
0.26236426446749306
0.2803827699701671
4.404499490525936
0.10821358464022879
1.0112702785129635
0.2905351414341837
-0.47160491061270804
1.388564509654433
0.3958956570920158
-0.759286983064495
1.2707814739980456
-0.045937095187028376
0.47285669822813503
1.0245043165143848
-0.07629217396855736
2.6694983551164952
-0.43078291609245056
0.8013607652001724
2.669498355116499
-0.24846135929849922
-0.07410797215372256
-0.07410797215372256
1.7074991256103154
0.6678293725756461
0.947543275378262
-1.241713132308778
0.7323678937132208
-0.5079725547835885
1.3885645096544295
0.577634293438102
1.4087672169719525
1.3508241816715802
-0.3174542307854473
0.8399985579055951
-0.2586137307625087
-0.6539264674066594
0.2623642644674895
1.8898206824042738
0.28038276997017775
1.3121863889661647
1.6021386099524868
2.2640332470083244
1.5331457384655351
2.295285790512434
0.7346380422477701
2.438386634153108
3.354677366027264
3.999034382417772
1.6762465821062094
-1.241713132308785
-0.739084275746972
1.958813553891222
3.131533814713052
2.0817116902143766
1.4277852228077101
0.10821358464022879
-0.2972515234679207
-1.241713132308785
0.6576770011116437
2.543747149810933
0.801360765200176
1.938610846573706
1.2656663733312747
2.284235954325851
0.9779843008794948
0.6778797084291561
0.736822244062612
0.2905351414341908
-0.47957308026188983
0.002853068982410889
1.5353299402803806
1.1966735018443266
4.586821047319887
3.999034382417772
-0.6539264674066665
1.3885645096544295
1.0112702785129635
-1.1929229681393458
-0.4795730802618827
2.4383866341531153
-0.47957308026188983
2.4006463061702625
1.9588135538912148
1.8585681389001678
2.4006463061702625
1.0245043165143848
0.2803827699701671
-0.739084275746972
0.6678293725756532
-0.5462958032142886
2.438386634153108
1.8534530382334005
0.3958956570920158
0.2905351414341837
1.1298648321722062
1.8898206824042738
2.582967862964214
1.091312986186498
2.1411351106851733
1.7074991256103225
1.2707814739980456
0.03922071315328779
1.01127027851296
0.5035263212843795
1.7452394535931646
-0.6539264674066665
-0.5849335959197184
-0.17946848781155111
-0.7592869830644879
1.3885645096544295
1.3508241816715802
-1.9066894359020345
4.586821047319887
1.8585681389001643
-0.9134376628917487
-1.0267663481987448
0.659861202926475
2.4006463061702625
0.6190392084062211
-0.07410797215372256
-1.1929229681393458
-0.07629217396855736
-0.4795730802618863
0.8013607652001724
-0.43078291609245767
-0.19189100781009927
0.21357410029806445
-0.4026120391257564
0.47285669822814214
2.438386634153108
0.6858478780783379
0.5035263212843795
1.8999730538682833
0.801360765200176
3.131533814713052
1.2068258733083432
0.3393253056036123
-0.14310084364067777
-0.5849335959197113
1.958813553891222
0.6576770011116437
1.3530083834864222
-1.2780807764796585
0.801360765200176
1.2656663733312747
1.4198170531585355
2.295285790512434
-1.6471782404169453
-0.17946848781155111
3.711352309965992
1.1298648321722204
-1.0593915755148267
1.8534530382334005
-2.686847993451611
-0.4795730802618827
-0.7308875085427893
0.1445812288111128
3.131533814713052
0.2135741002980609
0.29053514143418724
1.7074991256103154
0.6678293725756532
2.264033247008335
0.5035263212843795
1.429969424622552
2.081711690214373
-0.2972515234679314
0.10821358464022879
0.9779843008794948
-1.6471782404169524
-0.4817572820767282
-0.9134376628917487
0.1082135846402359
1.3508241816715838
0.7731898882334782
0.7731898882334853
1.1966735018443266
-0.07410797215372256
0.947543275378262
-0.07629217396856447
0.3313571359544376
3.711352309965992
-0.2972515234679243
0.513678692748389
0.21357410029805735
0.8501509293696152
2.1411351106851733
-1.5012243277938602
0.6088868369422009
2.4006463061702625
0.5136786927483961
0.18540322333136672
1.378995058638278
-0.24846135929849922
3.131533814713052
0.9089914293925467
0.9453590735634165
-0.025317807984286844
1.0913129861865052
1.453103030792004
1.0245043165143848
0.10821358464022879
0.6858478780783308
2.4006463061702625
0.8013607652001724
-0.47957308026188983
-0.4795730802618827
0.2543960948183148
-0.24846135929849922
1.0913129861864945
0.29053514143418724
0.9779843008794984
0.6960002495423474
3.354677366027264
2.726068706604888
1.4479879301252332
-1.1727202608218228
0.6190392084062246
0.7912083937361665
0.39589565709201224
1.1298648321722062
0.5035263212843795
0.3958956570920087
1.8898206824042667
2.543747149810933
2.4006463061702554
0.14458122881110924
1.5331457384655458
