0.03299026628383217
-0.08133567288382437
-0.2819606250011475
2.6558618507276606
1.3521848865846096
2.9114907237791385
-0.915056769312514
0.5989162854830283
0.9175743309535846
-0.09484176530986588
0.798557176034592
0.19348152334441693
-0.20624029444638836
2.433624822713
0.29903122788141445
3.795613230973686
1.316696561194476
0.4058277472950067
1.3444785374888397
0.03334748924316955
8.548426044189341
8.655528293661291
3.6148550915399937
0.2783502531372051
0.16072962390626344
-0.8681203066303169
-0.1920937310287627
-1.8356248096276886
4.292696730887428
-1.7677255882747431
4.024663080207574
1.3399096034668219
1.2118018636722354
-0.13464593753360532
0.6798531584420289
1.9318789640981322
3.9596379390559377
-0.052192594539064885
4.505663018783935
0.6658727430371982
0.4150464881718108
-0.034282210198853136
-2.3200850175217056
0.379297812140976
0.643048137304504
6.125472956483918
0.5713501877505678
-1.509261875787388
7.975000149475363
4.120067103910969
0.575536934880347
-2.3698400903465426
0.6937710426900594
-1.0416141321077248
0.9550214717307881
4.8834160366955075
0.21823635545820252
1.0529811837657235
-0.21977755516991238
1.349989592832344
1.7923372796644799
2.518096555500051
1.7527367747995868
1.0070617968599436
2.093728086501642
2.0676814553482927
5.625022598881515
0.04703966026386297
-0.2387589982040481
-0.015514301983102996
2.7960868604454845
0.3984114492259323
-0.3728565783187605
0.5925795850575923
0.1189793347396062
-0.5413869314222666
3.060650333563217
0.4057352605855158
-0.8154923855527159
3.6739303081476464
4.8846733972636684
11.26165524097928
-0.5415012788021158
2.1350223230501797
-0.7477059284719871
2.143264499796942
2.009947462492846
1.6131802123845773
0.27248859209657894
2.794333428041
5.960913615356503
-0.0011868705807955848
0.6922448289642489
-0.8230355906791829
6.9064206663995265
0.8436498348630721
-0.01780079450827543
2.602328463552567
-0.11561209854789922
-0.33454217816642995
3.965507190076096
-0.06517752266836396
0.520056141308487
4.807583904837884
-1.8206439954531106
0.09164339266476418
0.24053312665228077
1.6380238791748525
0.220634386100528
2.8716782926017004
-1.5593386795469542
-0.19083570333532407
0.6588879938501577
2.2717638015255943
-0.3460772151101992
-1.591904664566755
-1.5041536651317529
2.213366367032677
1.030651499558644
0.2309389532520072
-0.38253080828940256
2.4743516808732693
7.208513538269926
0.7233951329340016
-1.8275166385853936
0.7322453775934719
1.397195530350018
0.05053144090788919
2.11989480204943
1.399461438099479
8.8218986187253
0.8823401416739216
0.12227871079994657
2.134866415854958
7.047307389630646
0.3137285307257116
0.9370213494044037
0.14052597137606426
2.7881100124361637
-0.20497664691038153
1.3596986671193463
-0.056152275657723294
1.6680594108968307
1.443559578121949
1.8148295116618556
1.9644771451814904
-1.6035856183618762
1.117813069879503
-0.13914973140367692
0.7882894805081833
0.7034542274914202
1.9677600347617954
0.052222057288418
1.4576693892543062
-1.932257489483618
-0.26701043910043154
-0.4384352898061934
2.3049732977240183
0.5115864989570582
0.11613667782648918
-1.268000123124466
4.474574306304703
1.2039888228985092
3.0396488652647804
4.924612182505143
1.8559044829357845
0.42547846758498054
3.201927058255478
-1.0704042383288197
2.8021478825965005
1.8101788698106702
2.8963076079403436
0.9277271336848116
2.541632729846924
-0.07118861380217822
1.8205662643522373
2.1772278033595285
2.1531084341752376
0.8938760207081486
1.07923691585097
-0.280104134280009
-1.4227976097376995
0.20540983345063069
-1.796657515158131
2.249803745927011
1.54178130244577
3.9872614980417893
3.672418342256151
6.152209532854613
0.008420760496846924
1.5712719378529982
-0.14079589652533286
8.5442152587068
2.5226247155401325
4.852868283064026
1.9278208351240664
0.2235350713108346
0.4025871345395444
-0.28023606306396687
1.265034654709325
11.139709994046143
-1.982014781885482
1.8112180868611176
4.955614661261734
1.0053733252977963
0.1679096532782296
1.505363439381881
-0.6936836198567562
-1.1036889335530304
9.530798390593873
0.966848458799177
3.341280711005993
4.975808766578666
1.0466219953361815
2.2187424605251636
1.7311183857048036
0.16963910278491312
-0.46510266658469845
2.014190491211366
-0.09917655899744204
1.9189486778718674
2.6667879823496605
0.5985252889399817
1.6130900980733713
-0.4436756833936215
5.214727435444274
0.5339517667066502
-0.6089685556632958
3.1453697717317937
0.8178967336150436
1.4360634434085569
-0.13735252517949448
1.610021652131536
-1.4229310383989286
-1.3360050179785503
0.7793467433441492
2.5807460118801373
0.7811474281156734
0.5122392102930462
0.8098970261810337
0.6209412726318533
0.8915012105669575
-0.20111560488362556
2.627422089150059
6.651536212860833
0.1852587541891353
-1.1178910648247893
2.2558236715008206
0.5138768416234143
0.5935569100679459
0.7891241744628132
4.620063365291799
1.660286698778691
0.36038080918046944
-0.19251763533179655
7.99695377420835
-0.0763706262780488
-0.4212366517369901
1.055707336954356
4.15757624678281
1.1846820596995258
6.900032453876065
1.2712591070080634
1.1128443619691097
0.6425327758397543
-0.9329401206318835
-1.1999377431627636
-1.8789026953897974
-0.04983619516906401
4.458633496027005
0.6391215826140524
6.302788972200233
-0.6969970336920142
-1.5399517802186438
6.04737761187198
5.988522364565142
1.8996543629971256
1.9408921145732165
3.2597920097480255
1.091848532215863
1.7050205406983423
0.35658138728217637
-0.39336639619386915
5.909098751463716
5.306513044909252
0.6335662501260231
3.9156594678981946
3.973893627626694
0.5061496294972585
-0.31566128814779404
2.2090883890086843
-0.29527748042937674
0.3396675164945009
3.93501167587533
7.777335939542809
3.005178107915526
0.04513315994358891
-0.6650052850475277
3.141266909181468
0.7074817829623044
0.36254277368152543
0.8412777311984883
1.3264549272903423
10.17203589917085
3.0460805203560994
0.8240373412754707
0.3524195080997288
-2.2430549144335146
0.7662509568365294
1.1089869905117666
0.5612970041477183
1.5767084717947455
2.0728830604775794
6.83512380962884
1.6768748749420865
0.9822645889832984
-0.6470036345046992
6.455509970274079
-0.18175773971233866
0.2561978414814803
0.9082278058740485
0.7541107081940481
3.1802939616213735
0.14026442860176758
3.7723575322058878
0.27547456249112656
3.450641794305966
0.9130570037207235
1.5630878972610844
1.7218763848948129
0.4764123346417364
1.8076988862385406
2.6711490070338186
-0.09343372129728778
3.0875629890119853
-0.01356162781371495
1.6505991536203055
1.1178463487788122
-1.6464720633825891
1.0493304009348776
1.1783098660018823
0.05166709632635502
4.392224485071665
-0.11149980029176731
0.14701115369575746
1.1303972432438059
-0.9004206177735341
5.056229049887406
1.2509598724709576
3.9909283201161543
-2.5078142064726308
5.186744008110054
2.811786610121544
-1.9348365907849256
1.2018866604657887
5.312216583900636
1.0241280553727847
0.8587053097066928
0.397918044011476
0.1999758633246529
4.363583515476421
0.2030953158043758
2.2220652737369164
1.195826509480412
3.7920783252834553
1.3937738453005295
1.421327371661846
0.14887559249746118
1.6512945953204508
-0.46267214598469764
2.4995048460405087
0.5181641970757482
2.2958360056054516
0.04944313978421633
8.429104846859673
1.8737662595576694
-0.07307309882753543
7.68846615301436
5.301861957216261
1.556219234634682
4.3768495760036785
2.1634088063906347
1.6440182114790787
0.3403814820758271
0.9381928391283054
6.166842400887617
4.651836108067528
-0.21476290444297774
0.06705503730063356
3.192162159956979
4.002025883241913
6.054527847980353
7.642558360812245
0.6442494669927328
0.06890506392983298
-0.2822804814591109
1.2870922098286428
-0.9958750838109154
3.865892439180925
3.7559590938080873
3.9664673962392953
-0.9633777400324561
0.6091655271825402
-0.5757302320057534
0.8358415589329979
0.4984688883725994
-0.0933162694971088
0.24773640376861294
0.9602806662162493
1.9949889960530527
2.392508951878199
2.127923279145989
-0.161055787990108
3.6086084616613334
-0.11434695107845982
1.2067348621735619
2.287696913013633
1.5478434735741757
0.6152268014045603
-0.17989149824029482
-0.006708826030262571
0.5225964458722956
1.2641867184413513
-0.4132271805383425
1.642092302069159
-0.6922789735224342
4.188382775721948
5.489324114432748
0.816824699584231
-0.8230432655204822
-1.3763346608532174
4.200289905831369
-0.2447152794786689
-0.013791507802579872
5.923320563755851
1.810161072636447
1.6330262587271136
-1.999919677566595
8.569821963860818
0.20939239005679156
0.9633723319425371
0.6588923092140249
-0.08237903072858899
2.8716300512614907
1.0858850080985576
5.7773937609943005
1.149062959570756
5.183656471083168
3.4101118557223344
2.507576678640362
-2.95205104687966
0.5456539409697143
2.220579535109664
7.923487805394188
-0.2844579453417282
-0.4982436674119981
-0.17699197122965415
-0.06408697214237691
4.905782345464559
1.6985794131630882
1.8807387139275988
2.930406789161225
2.1225139718605988
2.7494933188356754
4.423613595473853
-0.39199525443427774
4.988594736836603
3.1870766045233268
-0.18840341834788887
0.12586699017037972
1.3171242818443716
5.291205205352298
-0.5801868517303319
0.5171566171773065
-2.4780930768583858
0.08435139049606732
0.24245353250398693
2.6349569537323987
1.5861076005169252
0.15259107881820455
-1.3123360983026942
0.1856330539544615
0.5709998696129333
0.0626018082691644
0.3712550048264802
-0.3220237501607244
-0.06594268614185239
0.5717095801321648
-0.06601684895122162
0.13268536183431934
0.4192055637943213
0.032121811788783816
-0.24704901772702215
-0.36347300671286575
1.8430298385385413
-0.5749131161060177
6.095775801475384
3.632334454221109
8.317705859928196
0.15950287905661753
4.904784939507863
4.876794145279746
5.537598046328867
1.258611430922656
0.90753804662927
-0.48576356684066013
0.4040734642640018
3.8889032446579677
-0.11440110636840473
2.443898477287348
1.2292419650889315
-0.5996114712470444
2.475345601323397
0.6442700608104133
7.300101195210573
4.484860986548938
1.8583257052034696
4.156708577746258
0.5291222619064229
0.7783662307558643
-2.3041150129520247
2.5044844025283055
2.093888039194553
2.323257138460349
1.3208072908612394
4.607993416872432
2.837943546671795
1.734783814288221
1.3135564807200808
1.3081515537444375
-0.09486855874388311
1.2283106883448909
0.5837672569300594
-3.253004273733268
0.5221690336161373
8.106536615695177
4.425696468445722
3.602956701055973
-0.44742473227256596
1.7788030805061226
-0.1048846344804133
3.0421036133116104
-0.6854677194914984
2.991369278702223
-2.630270897927403
1.8401080970606927
-1.1905863342690282
-0.4183277612908114
3.2076129500762818
1.5201023857766813
2.503003374359878
-0.998709080937715
2.1686614156192263
0.8409096829636837
-0.11162821536299816
0.05846564404328092
-1.5158707185630647
2.6895121334271153
-0.043314210541439024
1.0202003624945064
1.839756180979066
-1.1250602725569934
0.20154138409998268
3.888319839208634
3.4936560065475533
3.1919564661966433
9.211424784044539
0.10219730548260486
-0.08757358064576692
4.448959860194236
0.11651584926039504
-0.6569225388518589
1.0188550174048032
0.6031361117820779
-0.4966857707684085
0.5056463865746537
0.14313818228220043
0.21589469764171554
2.3440548603568914
2.1891972024188817
-0.4997044294605075
5.836638033906183
0.23988006299941844
1.0141559672188123
-0.6834097516361908
0.306785044868775
0.20964149531778276
0.051686455718254365
1.9994366258392802
-1.4649705449069188
-0.6000090710772383
1.9088294967841648
3.049394475900499
0.574309565642352
4.348565010671109
1.1068443515409854
-0.3366670351679204
6.354192985393183
-0.0938466587485891
0.8686159836993284
-1.1807622256560535
4.504516183138094
0.46463106245073504
3.9410509973608896
0.3558912563664762
2.3965390358932837
2.0738606703148434
0.6417450710039247
1.2720178292306628
-1.0244951577560641
0.3563513019689708
2.001500043680153
4.458297581482611
1.0971381623330672
0.7197176573351953
0.4677632177317719
-1.7313152111764794
4.160383546371122
1.6025653650694949
5.825187472862581
-1.551175038525571
5.819629381688628
2.7005779574096778
2.5486172379964955
0.47620852650652523
-1.044762641199668
4.0467944091064965
0.6748789580747143
2.9580578869831697
-1.2523043978933401
1.9232691812812845
1.3398013583155262
1.056023137462489
1.5708780784939336
2.1035865024784925
5.675458965203461
1.0964129429171408
0.46324990925654674
3.36593860257949
-1.2874995507554559
0.14496464528792785
0.447844970220558
0.4146061425960852
1.1538941963285652
3.506548457343797
-2.4302381413708645
0.46392144024980553
0.0772331717371344
4.042113984191701
-0.13179193594578464
1.9736050552653523
0.048566274175527724
-1.6239336342482602
-0.4023500671903548
1.0227581010533413
2.0196629240670063
2.261949014738093
2.908447147197421
0.07452452855432057
0.24373507415930362
3.536584384570915
-0.6892214738518305
0.17570113493411554
0.7968866592273116
-0.18139957916491767
0.2554858559817603
1.834643803760855
6.873617621992935
6.627788174241232
0.8311954081000295
0.003473230272447836
0.5940250162684606
0.0985867029014571
2.6109004038469266
-0.670947263739663
6.4455508607838965
-0.40135071685813273
1.5812373782362101
-0.6468060288243578
3.0157676337189514
2.669636191313657
-0.0700687965970701
3.445388877332789
-0.9422733210872138
-1.366159825280647
-1.353211571728366
3.547009373704668
3.4589019192380874
-0.5255819225972118
4.364335764159932
5.4631924746568075
1.587297949869935
0.03530324688404107
-0.23435555372861927
3.334478352469432
0.549442787901171
0.592431222810319
1.76201229493563
2.0846953772788765
2.51518877469573
1.944053440098287
0.4050395262083839
1.2873483893383764
-0.41920884692717664
-1.0804211631204907
0.13968138107406958
-0.44386932270936086
0.8284894220935257
-0.9647064699181556
5.7731136522656925
4.241593722910693
-0.6554860330070369
1.6347146329810585
1.3692786565761708
2.988289868620768
-0.1035792315656181
3.944352840010083
2.722550392893254
5.542426092756614
0.8638052028668426
0.958703773688967
1.3690148813730048
6.995335483827603
0.24568850517584906
2.0372166748479685
-0.21002943066218904
-0.12033968910805015
2.6397715810385307
0.7571540198300681
0.18121945752841384
4.247302839765098
-0.3162431767061662
-0.20794978161052313
1.9617657990756925
1.0950520459070958
1.5204430254898398
7.589087980850309
-0.7624836857282844
-2.5294089847045598
0.7000331339856984
0.3472801228390381
0.4319422943522113
-0.9374451275295996
1.5580325225773777
-0.4770104593981159
1.5409999702774257
0.8351580390371964
0.20431771175526592
3.6954186869775185
-0.20142576445277882
1.7638264127881484
0.6335699578562526
2.8302259844867876
1.1550996559844862
3.1109523439572513
-0.347851006005385
-1.6775254135646946
-0.2845581618466895
0.6654629979818765
1.953868240608017
0.8641022123599669
6.451180002501587
1.3457826831297552
0.27871390453856293
-0.30299730196065866
1.8405638780718618
0.2556203806771009
-0.3912061835649183
1.9471185674442495
0.10467969815044853
0.36364122630106976
4.493872678146317
1.9856979615960881
0.8506760347688669
1.3689708506676652
-0.4360226003657317
2.39009583744496
0.19701151628714797
0.8315815343689792
2.0156057796946243
1.0314349222273904
0.6765588866196595
0.7072164346736827
0.5647785094965911
4.592536396799005
1.0353953116637058
-0.3808107061108785
0.5676010918914471
-0.6057198596618036
4.73578215309044
-0.9437012091209454
5.725408183797072
5.8348690432412695
0.445660352527284
2.0839936644854333
-0.19757844166451832
4.401592620184374
6.634900813193099
3.157761712809588
-3.4281214698571603
-0.06868226380015585
0.3823250321388514
1.6866212828492735
-1.1033811310298915
-0.3719324530791255
1.945263324972757
3.253522617641238
5.256904648765158
0.6737512645097468
0.3218427798810808
1.5220323964106228
3.004320591174519
1.2538577812183576
-0.10741750150032203
1.0728113436916829
2.981956108783379
0.6871836957593587
-1.196025313535074
-2.0215958200531077
0.03910606553949947
4.2709812628907
2.101546098523386
4.387160185846369
2.2329063814356687
0.4739526382650183
-0.6301495724317192
0.7736469506862704
0.21730383136014098
0.21716584730438626
-0.5310531719526352
-0.0583534725624304
0.48570531487985136
1.726087170799019
1.9470884037234555
0.16021244844705507
3.691058756713801
3.8025635726285145
0.9967931024618792
0.7301948359615835
3.0337647138360353
1.006355892051488
1.1780995330689166
-0.05681967374107444
4.949267688592499
1.2856417820944444
0.9614637236650196
4.268443921677999
0.5194272788719445
0.7836781539469939
-0.5803218952987663
3.06966137598738
0.6603725536001548
0.5098914848044842
11.549617146102037
-0.7530019910986994
-1.5645497267132669
0.7229192516499552
1.4535654307487675
3.843146866453708
1.7033576756984985
3.081556839438008
-0.6151264848933806
-0.021850258630365715
1.1356516647520039
0.28417843033116696
-0.0013770444033980311
0.6852993733659787
6.246440452848674
-0.2606459752878436
0.16775752037528946
2.4865366492649628
6.982174579812067
4.609787076068869
-0.03530839268341879
-0.16376833826302573
7.1268786253510825
0.1466371375579456
-0.3180766122068235
0.03728567594293963
0.022870452522511187
0.47735700918610746
2.0140186177961823
-0.00896479574339537
1.8428489631839966
1.700120806947325
-1.064545371334816
2.388617268547023
3.379129373221758
2.267043103425749
2.1283497377014555
1.1958494469567995
1.8557182546844615
-1.7344791361797434
1.8497831188212785
3.18664772921079
2.092248849672842
-1.418797239493415
1.1275558575625837
3.444986340310834
4.606830913936619
-0.4955243531292126
3.3611885151231036
-1.1848515224369294
1.8167803744049706
1.7814911349205431
0.4158427221182137
0.28628266578971306
-0.1757570666168249
2.031373608510421
0.5469331327697091
1.4407295015255386
1.6448691667112598
-0.7523262359788987
-1.4772568444507215
0.24168283333051477
8.055752138998514
-0.08554063705810222
1.2583083984684436
1.7964923941406141
1.7620384731781087
2.0487786995840906
-1.9361771843321094
-0.37814298659850465
-0.6090662581223114
8.000192466546423
-0.5760565512575795
2.1851080394167184
0.7775295131316398
0.4559030434570559
3.305160907033951
2.0875229805799336
1.453341669105157
1.9642489189175194
-0.2669725562284384
-0.2759566522361183
2.1750742329782042
-0.016978692711290932
1.3495496768914563
8.015934939003955
1.2022724517232746
-0.8006886659397878
0.14042751103352202
1.9636961914563926
3.0448015040412884
-1.0890192336546534
1.8573788846385924
-0.7437178139946354
0.11687076135581265
1.2575875511504364
0.36827642303683206
2.8937377502527397
-0.32551934744083155
-1.0189014175034572
0.05652478094134494
-0.1874470292686965
-0.787667323625783
0.2915721274259795
0.46821211237693205
-1.2270146168862084
-0.4308329249356575
3.6223306968220186
1.4673556704701696
-0.4369691947770207
-0.3431763571970805
-1.967287997436415
2.779398862556718
0.9608604812892736
1.340027044452654
0.3100353163208638
0.6362645091312515
0.545178948290868
0.42381321444827336
1.7676887019331389
1.5237052570641936
5.563203859228679
1.1202054088155364
-0.4327374107356263
0.8940268636908968
1.7394360251350918
2.9694983315284844
4.0233825077193615
8.390259261613664
-0.2881401295089745
-0.31544235337833015
-2.305882453339109
0.8931232199875012
3.806466703432079
2.0364320781818606
0.13740786208927602
3.257488252613939
1.994577303858705
-0.7208230654186991
2.1007656289154966
1.08554796765452
1.2778258760467907
3.564343820205522
0.3948480472583924
-0.23037908809669716
5.321387114413483
-0.038526698508576374
