4.86558044378387
-1.2146439010556378
1.1473581513579347
4.433108546358994
0.9808534647241913
12.126746805574612
3.5095730854309295
4.272487809863264
1.2138968010256121
5.551204643806727
-0.5214001024149866
2.0274365069595888
11.181499242096606
4.053354648974619
10.917686790852144
1.544371303619755
6.737212165570668
2.108333594165515
-1.237914240212035
2.9619930343699252
2.9862046563551985
1.4888644243011413
3.9777453589700826
0.6814083327956268
3.3276561188943106
1.5427482219113244
4.566697810171036
0.25512435589632787
-1.3541724486635758
7.229458504184436
3.6890573202189216
3.195393290209381
11.273554655603789
6.0676169624777
7.732570222634081
5.1419061173204454
1.07230689471794
0.5730438226350998
5.6279077832844
9.269677265764813
0.42797771873301826
6.236214874934831
7.90932647214504
14.03205875824176
3.1937055666060132
4.1151139259307
1.9611480120612441
9.139879870262007
1.151859271643957
5.613870420216017
10.860585347984397
0.11953126336095465
7.724586144677687
1.110861938922767
11.283189904195979
2.051224515469926
5.147091058350156
1.9549263978592535
4.34826390695514
5.960718150886237
0.9894425966775771
3.8369300475737873
-0.6158065159322632
13.489667542187476
0.7859370594094344
8.588774674213482
8.334671146522624
11.658428037231602
2.117536271946051
4.728301275481272
6.420426523051447
-0.9391932213480914
3.052073720786325
-1.2225535468516
15.728568147330975
-0.5126795109814566
0.031940145675093845
3.2462505283775727
5.530982605605686
2.9471044590143265
9.116975756376291
1.3887544899745308
4.919136722143094
8.212618711220443
1.2263466023604224
5.885904690026905
2.0664336090163715
9.059821455076303
2.911202438831765
0.9291529922489872
1.4181856716638777
2.2597338177010897
5.999596919686951
3.703135275084378
2.841797261398483
2.843542521306972
5.7553019785415245
2.8904865967409705
4.605756970426796
1.0340451028126836
0.8879416196205057
1.0823628240096923
0.6965646822850431
1.270558582525041
9.694470464493634
0.5373026617737651
-1.0960880171645613
1.4440060762414078
8.632614284471629
10.677836025047327
2.257314628646668
4.707719876893179
14.239888709103866
14.364737614213936
-3.8769392266734712
3.0329769055205134
-1.2761059238133612
2.7767486209851313
4.368985750871161
4.875871716429515
8.256317096464613
4.07386989426891
9.885969731961836
1.1120244508555288
0.5901591944239044
7.128769104990738
0.056362123627877736
13.991984513401121
7.920436822899092
2.1831018883008255
5.205968282978461
3.153666168767245
4.16887502940267
5.79735512104935
2.9216245976920163
2.6116495706925207
3.8682049578293345
15.380065820411573
5.31610432678815
11.04384483734691
5.51656739872476
0.41148566925699015
10.354339281394346
3.407190204051062
11.772008323898149
-1.1707938366032522
-1.9562660347070278
5.7639693932325144
1.360595854964572
0.47616821771191553
2.262690112837163
2.3074015492536546
0.36112140637749235
5.6465886423955
5.116536602391193
2.6917745586557658
2.6884434340162215
-2.511306747238905
-1.6908206182938557
4.751340806826192
5.771655951131947
8.337860907030858
5.671217850004723
9.576523457098915
1.330504946375072
13.902292338019379
7.990421855849149
1.7102779325931579
2.8533896668711805
9.770078559211925
4.302211399954331
4.244954205134036
-0.348746393496981
6.730889558665126
0.8192723492729783
3.319205648524644
1.2845631631547576
9.718605569790611
4.28331513064461
6.751617316385705
5.974196243045981
0.3632221357869412
6.4752101999036995
1.804682865388827
8.872982095792736
1.277998184662124
1.267040654454263
3.854853539316423
-0.5184932794602446
7.801253799537903
1.183592781646439
3.6231666018456963
3.9651196764223187
5.42557603240607
14.785428145666174
2.042755235779282
0.7641402125582317
3.8180172197908178
3.5303900277854154
-1.090423098443921
12.093001305273788
1.5880066783436178
-2.3277095083763015
10.528088378066059
6.855248125974072
7.226783800791395
7.314567592856406
1.147217286571049
-0.22602000341805706
5.271653019623159
2.3718815248715828
2.3118044633232557
1.5635356111480405
9.11116809143266
1.50068114575447
2.805549767298203
5.67668941571128
0.787819713547492
1.3029125101877526
12.172137274391503
2.3324249526004905
2.7125428285593216
-2.2433481168749267
0.7303162256359883
-0.513225655879296
0.3728174258493482
8.94065670546729
3.945324323493537
1.0823993087509507
1.6023755557082495
-1.7791813236600547
5.107174261439582
-0.0005907034963001934
8.430875396472743
-0.278750620712799
3.197156123226705
1.251468705005891
0.7986948446582574
6.204864386061445
5.103753330584254
2.3250697346823017
-0.35627726694474404
6.280224994921014
0.01805933337368515
0.7210445076082124
3.519749171567014
5.156931806448938
4.069919883828902
2.4147512511018476
0.4415158140727726
4.703636666251441
0.797920948318847
9.09451447955098
5.068511353636836
8.691697325353744
6.994522024205253
0.10555765716560472
4.566616911798519
4.636961849155455
5.1863518021751815
3.937119623980493
4.464881447556991
0.15165989600916419
1.1908620823339788
10.081969198788101
-0.4118409785278345
0.8972870072700516
5.030428395688432
4.516810796197433
3.927069472539756
9.265592539476188
2.6706611876741135
0.7610744397356939
0.7886157840962369
2.035487986619387
0.8850224874512378
0.9452003542318153
0.4612484594288162
0.811251905863287
4.968149127569745
1.8450416433995542
5.33845625286358
2.9667596060645565
8.528195249247233
5.3211510685875965
1.1447390181016317
0.8804665454663336
-1.2332148397441642
8.695516006341109
0.8704221535498391
6.534362015506815
7.843889574282457
2.0632053238906565
0.0056741842288374755
0.4181256459552287
6.475473741777364
0.3545143387917733
3.8545384732894945
0.5786271448114348
7.120367795833772
9.921405654271211
0.5746867922481442
8.250168713350718
14.729144517159853
5.932759683637983
3.2083050650046516
5.8806953863031595
0.4195089302195356
2.4570197763775923
10.815034471954277
3.0559964071516106
11.366652384416852
2.4051832801044384
0.8659779877158371
18.128120188886783
1.9374669646442726
6.663338364357628
3.7468509385344078
10.61093925468856
12.472730567849908
10.380899643188286
3.877378585027259
5.45809152140248
-0.3236215048480062
4.83687047187243
-1.1605228564883419
3.714194494482058
3.7822534754022854
5.2657935227869075
13.42781462039386
5.935547695448236
4.781423204388489
7.717051557564901
10.062056815870164
8.691179638799213
0.19264445080364112
7.330552267648841
7.848477347878884
8.346184415425228
6.336959769983309
5.328358356428225
4.815746979725873
5.557891427555205
-0.3211905957681438
4.375883690150999
0.9423529771198673
6.624136236126674
4.33568025495731
4.509383725272755
2.7122644935863036
1.011752454535781
7.73034581177626
-0.7776257761793204
14.046840486947303
1.3615264037928227
1.5496560109455686
3.9480730569997604
1.2506932654525826
1.8487007429325786
6.67662174096597
7.3328024215304595
0.4407560371666932
-0.18338026810840802
1.0917838916337814
1.6834556244682517
2.047684013380149
8.066094217803197
4.637391988510785
0.7978153886884911
0.8179895918534612
1.4838380955596904
5.843407421980942
3.372542499654628
2.3383230282545355
2.7837406971681276
0.9461458413229593
8.846780219367929
4.06505343808351
0.09470823886113067
3.3027272157387415
3.840476104608342
1.1633815753833687
3.682457544133058
7.687477678059736
7.137595960310705
7.131567670243385
5.380885714867645
3.7224838333064554
5.899978181660799
1.3957206083234723
1.0696057882029208
0.17009032724615736
-1.3983612955651097
13.788065142928076
13.531871836091682
-0.1774496361341562
-0.3242477563704824
-0.3735986667658153
4.954975930042906
2.1928137396995453
2.447780033103072
4.7316078914819855
0.8867284109213642
1.7217888216702022
0.6219806441398532
8.008020424446727
5.854255611467465
2.7789899409829104
5.222597307638921
1.3162598161577534
4.99135375196056
1.9915479837095518
2.418413256757731
7.061884381480809
2.4771473162905977
6.077716462856756
1.042831159706111
6.129645835798328
3.97334040651549
8.673070596247612
16.69053499236645
1.8769796538903165
1.1151427196649593
6.713825453086997
6.279618039751426
0.5558143656764969
0.1520198012592573
3.846100963191475
13.513106067763488
3.5771884301835826
1.6542000387929647
1.139136239422669
7.185123726322445
17.96488086539125
8.251487825282197
3.4792718431712046
2.948375007962454
4.521017585677669
4.916640099832307
-1.4608866488625836
12.634071200822746
2.7468331954677296
0.6891818147292952
8.64958764817277
4.950160476119663
1.9074444859260211
5.919995373074812
9.915092661378935
14.354641336665168
5.529513751308627
2.1497257242142496
6.099596472903727
14.042836001857836
1.1650312845297321
16.249960082586995
3.3992260487497106
1.318682559596141
1.1081753125024534
2.8762386999582077
5.864390019415282
11.27743839817083
3.464989048993857
9.337865690162403
0.6072129481581214
0.17220923528498133
7.146407905786759
3.957627324906298
0.9795014294361408
5.477252268810162
2.8509539379657554
2.1494547700723388
4.575643680456892
8.08253788404636
8.93876647243826
-0.7319293785359378
14.111716478623066
4.7902819780306345
0.15545607452816057
8.477837810655274
-0.3144220685547907
9.769837005219756
2.9110274225261037
1.6915940894452888
9.086964280775874
3.6346938645184537
4.36604493336381
10.68068073105485
1.7650302609657729
4.513609358094982
11.492562037848302
7.23498411317405
0.5749971314078266
12.441688377316154
1.5286318462767667
0.3506995708220302
-0.38231763396436236
5.96090520550888
3.576749112368475
4.265724063623793
13.521736009204233
9.478334430650193
3.1907440598056382
6.666380989389722
10.025552520657698
3.9242136899491697
8.9015021042743
4.328113539338119
1.8969478967696887
1.3411693137436487
4.1368406401409175
2.5581163788996264
-0.380345545120349
4.508689432169604
7.284446476631274
2.6058514976708693
12.881577811998454
0.650910091127912
-2.0262847837510662
10.254433185351104
3.1437229284964587
3.054469976188443
3.185244933383501
6.916531986733503
13.114739003467264
9.601246060361063
14.067075451232654
10.389717647782959
5.865508608053688
6.2441824092779825
-0.09953362764986196
1.660067777754648
5.575619306170552
3.203956360208849
1.3640503211593114
7.378864017079081
2.4793985168192876
0.6806985489948829
1.4166532924169815
8.470917588747284
3.5468971125010285
8.79180696463061
-0.25085216632203355
7.218798315847607
3.980041640656964
-1.3035888081943767
1.157466400837734
-0.8931116792823559
1.5414286189695758
3.476163035348577
11.27373568299629
2.833824490707343
0.5102875875165864
1.1978365021889203
1.6691847865946556
10.466306430416353
2.4683582345998047
3.1104004289782097
1.205329041949426
17.4166433959125
-0.9619175096547679
3.9303746083796796
2.3293129573335136
5.055999837339527
-1.0692299098719786
5.03597977045672
3.32806978574979
8.44696224832876
0.9773229141297861
3.5544373728527034
1.6927067209746838
0.224518591271476
4.753394029730998
4.98185387031981
8.73684136503914
10.316986667270953
5.234722313496491
3.984857578251763
1.5869334743301806
3.131446948717553
3.334120609576189
6.436252795010432
-2.0265072620461524
6.636960627311396
5.817131026734273
-0.568906029572986
3.529036584664482
9.183838798585612
2.6982493998132213
4.890057312751765
1.7582196444240026
6.167267905929634
7.070948172641465
11.088078526707022
13.474028366417315
4.25119866939508
7.5226620220902305
-2.507018329312473
2.7392914280903824
2.3043874283813466
8.215909586691396
10.118103614265124
0.4277732843949025
16.863029761395865
6.261253199062935
3.204338992741441
6.781312203929588
3.2585997862954628
11.160788098992498
8.68064186578249
3.2257151480274615
12.668308598487101
3.56646303951743
-0.14569029787742238
4.896205492254126
-1.5737934895447552
11.94469592452026
1.2699097947099744
9.579968215765916
11.256864810871207
0.6377958813684472
-0.448428620035088
0.43504877832367583
5.883227176201785
-3.7618179066605535
9.279568941145271
10.443495889419523
4.019454957133803
11.860827006482737
13.973054378677944
14.198265559449283
6.373776363915567
4.207414750555131
2.5481433891879988
3.4954954494779713
8.011220145178982
6.510213662988349
5.358683261452029
5.037149481874508
0.3165533242139418
2.0886683340382888
11.716460711891273
10.081207104254645
2.24408831812309
0.5066953040480939
4.1576714791649465
9.368148549322655
4.955738602795236
4.90147309438828
0.16808528460080652
0.16273035021538362
1.6783770274262224
11.42473443200879
12.937272832144004
0.6504017651774348
8.531301189689884
1.9699697257145772
11.39846941764847
7.811787618762764
3.3807344932474734
3.3988132297770335
1.171568450872087
2.329423418940337
12.57119052342739
4.450401209146662
4.779252221605134
5.320979860821808
1.589083269409798
4.321965322838082
14.342216570183496
7.71927632210668
5.630207888342852
-0.5126824492790547
5.295375625180895
6.392680525568153
5.457567489551025
-0.36851059085518045
2.3560014510105702
-0.004009361621228891
5.990639292614219
3.488932216390481
2.757537024289377
2.177347948709098
-2.1917537905825384
5.079688718537909
-0.5894501936927554
4.680097032668641
2.0144371449973733
1.83771021232792
1.6076084214184903
0.13939292142890736
1.3241320043317728
3.281971445243471
2.588679587561842
2.9773850371636854
5.932722507811832
5.4834388751861525
3.991063123753861
7.155045212889831
-0.9469631234821918
3.7922279343399623
3.7138187851466
5.356495597967296
3.549166066569569
6.555476526131656
2.6300610972801906
6.763451167856488
1.5273403147760973
-1.9597108627222042
6.871490452209628
-0.3565695770290631
3.220941335998077
2.602922029139677
0.41036197457401613
1.3596295145575823
-0.3716523390645534
2.5073987512888607
-0.19837868836816597
2.4715427849492926
4.604155936454049
11.492767898731131
5.016707847703628
4.51869006882896
0.279697195256972
9.319576187842017
-0.04696044701586288
13.25785119665386
9.065559973451741
5.471101144279942
0.13584551902204112
0.47738267255544997
3.942961228868512
-1.4688514458672444
1.8065569416527296
1.505028801099229
-1.0272663947434921
2.0346709762734463
2.401286857117725
2.218396135246394
4.731189648769828
3.1343087138823194
10.711802354534711
3.196150308619849
2.7805352799271077
-1.173955132097376
1.301159145403176
3.511079493431339
-0.4103343938228363
2.0249427608877113
6.192665396010625
3.628330458700816
-0.22087582790129545
3.452164771279172
12.910148639836734
3.5586504124253224
3.1789122334697595
8.315561148052325
4.700169616443873
11.332500853165072
1.8634061049631327
7.94389499143017
1.1836850920701636
2.6486598674762263
-0.13338490264266056
7.510972438751992
10.256645168197565
12.306024673324941
8.015837606802563
7.939146773324637
1.7299765771526836
6.308827400921814
0.13559461865395406
4.681488420280743
-1.2172015002560101
6.107842471231038
5.541542305283656
2.6477331358071297
6.725427458260924
-0.060181114179385986
5.4844749528703005
4.435737585984384
3.3349237242828167
10.816010539664148
-0.9660845635679607
1.6987285294279673
6.5379519984204535
3.432786110253005
5.753511655427133
5.1965834252457626
13.015765060617923
3.6382176548769394
1.0864313842891988
3.7156206769758455
3.718029647930848
2.841833684622884
8.323379035255925
2.1031259610714415
2.1733877533598616
0.3729718086287903
8.544907551652841
8.182288248229725
4.340948351554175
3.1031391314821803
6.072742842413277
3.7363539650617668
1.8416970744419814
9.51646494536783
6.859755166245577
11.083652795452508
6.079566419751245
15.387590232505545
1.4660335433952696
3.0607788110236243
2.247590528890214
8.355212992554357
6.507433474134245
4.848159394296545
4.037906975156034
4.33743603957339
4.090536003100169
8.544659982202575
3.2863447176395084
3.5239540777273533
0.9334121836265012
0.022494512738830963
2.0248304355906157
16.579623099789615
10.336422863491293
7.000546800297911
7.110351765144628
2.7563918473479134
0.8029920404472932
0.9422825577551066
2.29928380829881
7.5147193849192035
2.400147783223133
4.546392914271678
2.891880088133462
7.035911054388521
14.862418208809231
-0.3534941662876463
9.956028212945057
1.3221990844391485
7.182168035799009
2.742976356804661
6.802520079793226
20.043978336769214
5.3712405237346275
-2.9742503552425887
0.9596374747595746
-0.34395576170470576
6.106877204691386
1.5231328082378468
0.7871143221359489
-0.5282332513472738
5.456534587075225
5.093489906349419
9.078555728603533
9.51132614251901
6.004000347927786
9.687074973491121
3.344003566764627
1.6755116261218745
5.131705367626182
10.631629537973595
5.478414687576105
4.244903125785299
3.373817389267174
12.050946587452358
9.412312303117233
1.6759630780602492
5.4132074966104256
9.648419706328923
1.690789124016078
1.972827789607095
5.253867311622798
-0.06394499657483266
2.342102350624259
4.869057555499694
14.326395372860247
1.138538972322067
1.4084360849624318
17.341634452182234
5.264424884428877
3.7624562686263516
3.661035758325397
12.27082076395493
0.8041551494037549
1.5188664283857634
7.872547506733099
6.090106772149852
7.344740407494669
-2.0037671023737857
3.706883316061635
0.9083194856219734
3.3989217893903287
0.28652705126648925
0.962261643068473
4.501867576704399
7.824836905594111
-1.0089479180835497
5.180716035863156
0.9625233333036931
0.9017792150350488
0.06034356793622919
-0.7365591434620455
1.1922814076785926
9.453309931928516
6.03127167839898
0.03967002769854844
0.651260809185942
11.887517606064648
6.425178823945544
7.321973737026951
10.877892337804838
5.164081893597086
0.31362140553744666
4.4546303714022315
-0.14433788597193598
3.6529268419782284
2.1985395887535333
-0.7215768191700818
-2.501355472907335
-1.020299030662727
1.0859416309020844
2.5266182739773058
4.393389904666378
5.935379516877447
-1.5815316999439801
5.532006402057277
7.942189230193321
6.681460756630372
2.891719960833939
2.42183572464171
3.6858864624759917
1.6465830126386436
7.757560096827206
3.2267345994857806
1.4890558417264401
1.969100591015831
-2.5367544298014764
14.19765166952618
5.760774032117411
5.544386779280558
0.7229130457016026
0.4718854676658566
1.6757903298488372
5.635389998625442
6.277377789303046
2.20652535677209
2.649304245161943
13.703469382115145
4.251169226430761
0.03833626176026428
3.4701595360992314
3.0245405631259246
4.61350444607092
-0.469761447862993
13.68793531362212
10.846278668882974
-0.6591703757327423
-0.24789479578919327
10.518480656942188
11.157970756575537
7.167460920654321
4.030748081895808
-1.5813926770573516
8.853232533309779
0.426808148830105
2.325448684108096
1.6418677026356363
-1.7264737497743
4.504211721533352
8.570600674214234
2.572713460354521
4.713088614700041
7.017845536570235
3.9749456218197565
0.24719537569353633
10.478757489757072
6.514088943832007
10.44830088903393
1.1334257387205753
-0.8210431622857186
7.4712030444409265
-0.21990697556157102
11.026514734206785
-1.659217460403056
1.9126167987670897
6.439089876786284
-0.4996663710520579
1.9130902662976723
0.10700686590473651
0.773293815012039
8.45601534956893
-1.6589262941915877
7.975782006733311
-1.887727052439459
6.2717237032755975
8.065077694968295
2.8695739858839033
