0.6421728145756731
0.9808292530117129
-0.5232481437645404
1.6919949390743483
2.5801147939818065
0.421213465076292
0.39304258810960135
0.9602099658089855
1.3353199951356203
1.2197211612940677
0.352220593589351
0.37469344944141625
-0.559615787935428
0.6829948090959306
0.356674943938728
-1.7272209480904763
1.848329820716451
-0.11778303565638737
-0.6286086594223832
-1.832581463748312
-0.6976015309093242
0.7985076962177686
1.6919949390743412
-1.480360870158961
-1.7272209480904763
1.6739764335716671
-1.4552872326068425
2.9469421093845583
3.6676772464633416
2.9543273585858714
1.897119984885883
1.1551826401565108
0.8653163658898819
1.915138490388557
1.8201589437497532
0.929854887027453
-0.40546510810816017
2.8203793860761266
0.7985076962177615
0.9038682118756043
0.8653163658898819
2.48432372934014
1.4043128666225755
0.5345421503832952
1.4428647126082765
1.623002067587393
2.3947115706504505
1.3375041969504622
0.47000362924573125
0.7497175320483436
-0.8517522107365849
-0.08961215868968253
-1.0112702785129741
0.03636764417088045
-0.40546510810816727
-1.5629178967992203
1.3353199951356203
-1.5448993912965392
0.16989903679539253
2.176833887688481
2.069289170215818
0.10317631384298664
1.558463546449822
0.8653163658898819
3.0878587512103977
0.13353139262451919
3.1191112947145
2.0692891702158107
0.7295148247308276
1.67397643357166
-1.1030666390174844
1.623002067587393
1.3761419896558778
0.7295148247308205
-0.44628710262842475
2.2234398500430714
0.5753641449035669
1.1143606456362463
1.4043128666225613
1.691994939074334
-0.271933715483641
-0.4744579795951225
0.06453852113757819
-1.7962138195774315
2.8647151998961746
1.1631508098056784
-0.6079893722196346
1.045367774149291
3.3799951740115475
2.0692891702158107
2.202820562840337
-0.05324451451880918
0.7497175320483436
1.846145618901609
1.1833535171231944
-0.08961215868968964
-0.6079893722196275
1.5561933979152798
1.5561933979152798
3.050118423227538
0.04391923393482955
-0.05324451451880918
-0.44628710262841764
0.6035350218702504
-0.628608659422369
2.0380366267117083
2.202820562840337
0.39304258810960135
0.45758110924717244
-0.851752210736592
-0.4260843953108946
-0.15860503017664485
1.3761419896558635
0.0565703514883964
0.13353139262451919
0.13353139262451208
0.8266785731844593
-0.9852836033611112
5.41064655152195
2.7136461866063257
2.826974871913329
0.2832277221023958
-0.44628710262841054
2.3301730495128794
0.6829948090959306
0.13353139262451919
-0.5232481437645475
1.820158943749746
0.16989903679538543
-0.6286086594223832
1.1551826401565037
2.8203793860761266
0.98082925301172
1.286529830966181
0.6035350218702504
0.39304258810959425
0.5063712734165975
0.5753641449035598
0.98082925301172
-0.6286086594223761
1.846145618901609
4.583967978337498
2.253794928824618
0.17216918532993475
1.7793369492294886
0.644357016390515
0.13353139262451208
-0.6286086594223903
0.9320390888422878
-0.08961215868968253
1.4508328822574512
-0.965080896043581
0.2876820724517799
-1.3625778345025736
1.3761419896558778
0.2670627852490455
1.3761419896558635
0.5265739807341205
0.7295148247308205
0.5753641449035527
-1.3705460041517554
0.5494634164714114
-2.0838958920292185
0.3803914705560487
1.7793369492294886
1.4043128666225613
-0.628608659422369
0.23889190828235485
1.2865298309661881
2.069289170215818
2.0380366267117225
0.5753641449035598
0.5753641449035598
1.6638240621076505
0.642172814575666
0.6421728145756731
-0.38744660260548613
0.6886928302105559
1.4226620052907606
-2.0329215260449445
0.6399026660411309
-1.3217558399823162
-1.2572173188447522
2.3161492481473402
3.5341458538388224
0.6161861394238102
0.7985076962177686
-0.6286086594223832
-1.3907487114692714
0.9298548870274459
-1.9867321435755727
-1.9867321435755656
-0.22314355131421593
-0.29213642280116403
-1.1030666390174844
-1.4759065198095698
-0.3409265869705962
1.203972804325943
1.3761419896558778
-1.9015743352352672
-0.338656438436054
-1.2290464418780545
0.352220593589351
-0.29213642280116403
-0.11778303565638737
1.0704414117014096
-0.6286086594223832
0.06453852113757108
-0.7827593392496439
0.421213465076292
1.4916548767777087
-0.38174858149085367
2.4259641141545387
1.0861897686695556
2.3671236141316143
-0.05097436598427407
-0.6286086594223832
0.7985076962177615
1.203972804325943
0.7295148247308134
1.897119984885876
2.762436350775758
2.120263536200092
0.7295148247308134
2.539292799461542
1.1833535171231944
1.4916548767777016
-0.22759790166359295
-0.5434508510820635
1.897119984885883
0.45985125778171465
3.2732619745417537
1.5992855409700866
-0.3409265869705962
1.4043128666225684
0.7985076962177757
0.24686007793152243
-1.5448993912965392
0.6035350218702504
0.8630462173553468
0.4212134650762991
1.1995184539765518
0.3522205935893439
0.13353139262451919
1.045367774149291
-0.6286086594223761
-0.8982722263714749
0.5108256237659958
1.1631508098056784
-2.238046571856472
2.831429222262713
0.45985125778172176
0.98082925301172
1.4916548767777158
0.5753641449035669
-0.05324451451881629
2.0306513775104023
0.9808292530117129
-0.6286086594223832
0.6421728145756731
-1.1394342831883577
1.9151384903885642
0.2876820724517728
0.4655492788963471
1.7328169335946129
0.39304258810960135
-0.495077266797864
2.2901625729954844
0.39304258810960135
1.7525387560747738
-0.40546510810816017
2.539292799461549
1.1551826401565108
-0.5232481437645546
0.19806991376208316
-0.564070138284805
0.06453852113756398
0.7497175320483436
1.3761419896558635
0.19806991376208316
0.06453852113757108
0.7963234944029267
1.3353199951356203
1.3761419896558706
-0.3690974639372939
1.1529984383416547
-0.08961215868968964
1.556193397915294
4.13768087570908
0.98082925301172
-0.40546510810816017
1.623002067587393
2.0380366267117225
-1.2290464418780616
1.4916548767777087
0.6421728145756731
0.10090616530844443
-1.4271163556401447
0.7088955375280861
1.4916548767777087
0.13353139262451919
0.45985125778172176
1.6919949390743483
-0.3409265869705891
-0.31275571000389846
0.39304258810959425
4.004149483084554
0.32404971662265325
2.48432372934014
0.421213465076292
0.5345421503833023
2.1439800628173984
1.623002067587393
1.1833535171231944
-1.0059028905638456
-0.05097436598426697
2.138282041702766
0.98082925301172
-0.4950772667978498
1.2219913098286241
2.069289170215818
1.3761419896558706
3.6676772464633345
0.47000362924573125
0.39304258810960846
-0.3409265869705962
1.897119984885883
-2.5947215157952073
1.5992855409700937
-0.4744579795951225
-0.15860503017664485
1.1833535171231944
0.8653163658898819
0.7985076962177686
0.7985076962177686
-0.9852836033611112
1.3761419896558635
0.023716526617313605
-0.004454350349377023
0.47000362924573125
-0.4950772667978498
-0.02817087696670484
-0.08961215868968964
2.0380366267117225
1.4451348611428187
-1.0542764748480522
0.5345421503833023
0.352220593589351
0.16989903679538543
0.13353139262451919
-0.145953912623078
-0.271933715483641
0.2186892009648247
0.6035350218702575
1.1631508098056855
1.2197211612940677
-0.9571127263944064
-0.4744579795951154
0.24686007793152243
2.617855121964652
0.45758110924717244
-2.0636931847116884
1.0194670457171355
1.1551826401565037
2.577033127444402
1.1995184539765518
0.19806991376208316
-1.3217558399823162
0.4418327522790406
0.9298548870274459
-0.4744579795951154
-1.0340737675305434
2.133827691353382
0.98082925301172
-2.2098756948897815
-0.29213642280117114
0.06453852113756398
1.5970153924355444
-2.990034252439358
-0.05324451451881629
-0.11778303565638737
-0.31275571000389846
-0.3409265869706033
0.9808292530117271
2.138282041702766
-0.36909746393730103
-0.11778303565638737
2.3301730495128794
-0.4076493099230092
1.625186269402235
2.138282041702766
-0.3409265869705962
1.7126142262770827
1.4428647126082694
1.4043128666225684
0.13353139262451208
0.24686007793152953
-0.08961215868968964
2.539292799461549
-1.2853881958114428
1.1143606456362392
0.7985076962177615
2.202820562840337
0.287682072451787
-0.05097436598427407
-1.0340737675305434
-0.6694306539426407
1.3116034685183138
0.5265739807341276
2.425964114154553
1.5992855409700866
0.6161861394238102
1.3761419896558778
-0.8799230877032755
-0.12223738600576439
1.1529984383416618
1.3761419896558778
-0.564070138284805
-1.2572173188447522
0.6807246605613742
-0.12223738600576439
2.8647151998961746
0.30570057795446104
0.5753641449035598
2.271813434327292
-0.38174858149085367
0.16989903679539253
1.4226620052907606
1.625186269402235
-0.6286086594223832
2.9649606148872394
0.5753641449035598
0.3728398807920854
0.8165262017204498
1.045367774149291
2.9367897379205488
3.849998803257293
0.19806991376208316
0.39304258810960135
1.67397643357166
5.633790102836173
2.8203793860761266
-1.062244644497234
-2.7305230569542758
1.846145618901609
0.352220593589351
0.7295148247308063
0.39304258810960846
1.915138490388557
0.39304258810960846
-0.3409265869705891
0.19806991376208316
1.1551826401565037
-0.6286086594223761
1.4226620052907535
1.3761419896558706
1.4508328822574512
-1.0748957620508008
-0.5232481437645475
1.4916548767777087
0.8542665297032954
-0.29213642280116403
-0.8153845665657116
2.2234398500430785
2.138282041702773
2.030651377510395
-0.271933715483641
3.3110023025245994
2.0692891702158107
2.5801147939818065
0.06453852113757108
2.8699810682484213
1.6660082639224925
-0.22314355131421593
0.45758110924717244
2.895967743400284
0.7963234944029267
-0.564070138284805
2.3947115706504505
1.3761419896558706
0.3566749439387422
4.360824427023282
4.004149483084554
1.0572073736999954
-0.44628710262841764
-1.0340737675305434
0.2876820724517728
-0.11778303565638737
0.8630462173553397
0.16989903679539964
0.13353139262451919
0.13353139262451919
0.624154309072992
-0.3409265869706033
0.9808292530117271
1.6739764335716671
3.188104166201441
2.713646186606333
-1.1394342831883648
-0.628608659422369
0.6399026660411309
-0.6004377824556713
0.98082925301172
0.2186892009648176
-0.004454350349377023
2.577033127444402
2.826974871913329
0.3803914705560487
2.5801147939817994
-0.5922410152514956
1.3761419896558778
1.7328169335946129
0.4902063365632543
-0.8799230877032898
-2.055725015062521
2.3851421196342883
0.10536051565782856
0.45758110924717244
3.0470367566901473
1.820158943749746
2.5801147939818136
2.030651377510395
-0.25131442828090655
0.16989903679539253
4.004149483084554
2.590267165445816
0.4418327522790406
-1.1030666390174844
0.39304258810960135
0.5753641449035598
1.5561933979152798
-1.6990500711237857
0.7497175320483365
1.3761419896558706
1.0861897686695485
-0.3409265869705962
0.9808292530117129
-0.9444616088408537
1.337504196950448
1.6739764335716742
-0.23556607131276053
-0.579818495252951
0.8165262017204498
-0.3409265869705962
0.9118363815247648
0.39304258810959425
0.4190292632614572
-0.271933715483641
2.0692891702158107
-0.44628710262842475
0.24686007793152243
-2.055725015062521
1.5096733822803898
0.5753641449035669
0.688692830210563
-0.31275571000389846
1.623002067587393
1.114360645636232
-1.28538819581145
0.0
-0.5922410152515027
0.10090616530844443
2.1439800628173984
0.8630462173553468
-1.0748957620508008
2.5801147939818136
1.0704414117014025
-0.23556607131277474
3.6676772464633416
0.98082925301172
-0.22314355131420882
1.337504196950455
2.895967743400277
-0.31275571000390556
0.8653163658898819
0.7576857016975183
0.45758110924717244
0.37469344944140914
1.2276893309432424
1.5474137102632426
-0.4744579795951225
2.577033127444402
2.577033127444402
-0.8109302162163274
-0.05324451451881629
1.846145618901609
0.10536051565782856
0.7985076962177615
1.7793369492294886
1.6739764335716742
0.7088955375280719
0.7985076962177686
2.0692891702158107
1.3353199951356203
0.7295148247308205
4.004149483084554
1.1631508098056784
1.1551826401565037
1.8075078261961863
0.7985076962177615
2.617855121964652
0.08255702664024511
1.6739764335716742
1.463483999811018
0.2876820724517799
1.0194670457171426
2.895967743400284
0.06453852113756398
1.8075078261961934
2.20282056284033
0.708895537528079
0.06453852113756398
-0.4260843953109017
0.47000362924573835
1.0861897686695556
-0.11778303565639447
0.5753641449035598
1.2276893309432495
-0.8153845665657116
0.7985076962177686
0.2876820724517799
-0.8799230877032898
2.043302495063969
1.625186269402235
0.13353139262451208
0.3566749439387351
1.1143606456362534
-0.3409265869705891
0.7295148247308205
1.1631508098056784
1.5096733822803898
0.5063712734165975
0.13353139262451919
-0.004454350349391234
0.3522205935893439
2.030651377510395
-0.18677590714333547
-0.11778303565638737
-0.6976015309093242
4.137680875709066
2.9543273585858643
0.9808292530117129
-0.18677590714333547
0.7111656860626212
4.137680875709066
-0.23556607131276053
0.624154309072992
-0.23556607131276053
0.9118363815247719
0.7985076962177615
-0.11778303565638737
1.897119984885876
2.590267165445823
2.0692891702158107
0.8542665297032954
0.98082925301172
0.6421728145756731
2.20282056284033
1.3353199951356203
-1.2572173188447522
1.2276893309432495
-0.012422519998558812
0.13353139262450497
-0.18677590714334258
0.4212134650763062
0.01574835696813892
0.5753641449035527
0.015748356968131816
0.37469344944142335
4.137680875709066
1.4916548767777087
1.3353199951356203
2.577033127444402
0.47000362924573125
2.138282041702766
-0.965080896043581
-1.881371627917737
1.3761419896558635
0.9118363815247719
-0.3409265869706033
0.2186892009648247
1.1143606456362392
1.8201589437497532
1.0194670457171355
-1.046724885084096
-0.9852836033611041
2.069289170215818
1.0861897686695485
0.911836381524779
1.5474137102632426
-0.4744579795951225
-1.5448993912965392
1.0861897686695485
-0.3409265869705962
1.623002067587393
-0.3409265869705962
0.642172814575666
-0.7827593392496368
-0.11778303565638026
0.3728398807920783
0.8653163658898819
1.2197211612940677
1.152998438341669
0.10317631384298664
0.98082925301172
0.2876820724517799
1.4428647126082765
-0.053244514518823394
2.0692891702158107
1.0861897686695485
-0.7463916950787564
0.015748356968146027
1.4226620052907606
-0.15860503017664485
1.3761419896558635
1.3353199951356203
-0.3690974639372868
0.06453852113756398
-2.0636931847117026
0.16989903679539253
1.8483298207164367
0.7497175320483436
0.2832277221023958
-0.12223738600576439
2.9649606148872323
3.7810059317703377
-0.08961215868968253
1.152998438341669
0.6399026660411309
-0.3690974639372939
2.202820562840351
1.4916548767777087
1.1217458948375523
-0.8153845665657116
1.5992855409700866
1.4508328822574583
0.7985076962177686
2.590267165445823
0.7497175320483365
-0.6286086594223832
1.1551826401565108
1.5561933979152798
1.4428647126082765
1.4451348611428259
-0.271933715483641
1.268511325463507
-0.5434508510820706
-0.05097436598427407
0.47000362924573125
0.8630462173553397
0.5063712734166188
1.045367774149291
-0.271933715483641
1.558463546449829
0.5753641449035527
1.3761419896558706
-1.3625778345025736
2.826974871913336
1.268511325463507
-0.22314355131420882
1.8075078261961863
-0.15860503017664485
0.03636764417087335
0.9320390888422878
1.3375041969504622
1.268511325463507
1.3761419896558635
1.203972804325936
2.138282041702766
-2.142736392052157
-0.40546510810816727
-0.5434508510820706
1.7816070977640308
2.043302495063955
0.2186892009648247
0.7497175320483365
1.4043128666225684
2.9367897379205417
1.623002067587393
2.7237985580703423
1.045367774149291
0.6807246605613813
1.5474137102632497
-0.6286086594223832
2.043302495063955
1.2685113254634999
1.7328169335946129
1.3761419896558706
2.0692891702158107
-1.3217558399823162
0.624154309072992
0.10536051565782856
2.202820562840337
0.06453852113756398
0.3522205935893439
0.24686007793152243
1.623002067587393
-0.3001045924503316
0.624154309072992
0.7576857016975183
0.47000362924573125
1.623002067587393
0.6421728145756731
1.8075078261961863
2.5801147939818065
0.13353139262451919
1.625186269402235
1.8838859468844547
4.807111529651699
-1.9015743352352672
1.846145618901602
0.7295148247308063
-0.8799230877032898
1.9151384903885642
1.6638240621076505
1.915138490388557
2.1439800628173984
-1.3907487114692785
-1.3805963400052619
1.1833535171231944
-0.7827593392496368
2.577033127444402
-0.9852836033611112
0.2876820724517799
0.19806991376208316
0.26706278524903837
-0.9005423749060171
0.5063712734166188
2.9469421093845583
-0.207395194346077
0.6421728145756731
1.7534362207973402
-1.5730702682632298
0.7295148247308134
0.7576857016975183
-2.1326860561986507
1.3761419896558635
0.19806991376209027
-0.6365768290715437
1.915138490388557
1.7328169335946129
0.7985076962177544
1.045367774149291
0.5345421503832952
1.558463546449829
-0.495077266797864
1.1143606456362392
-1.28538819581145
0.7985076962177686
1.8838859468844547
0.6035350218702575
0.06453852113756398
-0.8109302162163274
0.688692830210563
-0.851752210736592
2.3301730495128794
-0.5389965007326865
-0.6004377824556713
2.253794928824618
0.9495767095076175
-0.3409265869705962
-0.8799230877032826
3.050118423227538
1.1833535171231873
2.356971242667605
-0.053244514518823394
0.6161861394238173
1.3761419896558706
-1.0340737675305434
-0.3409265869705962
-0.207395194346077
-0.356674943938728
0.421213465076292
1.3761419896558635
1.3761419896558635
0.8653163658898819
0.06453852113756398
-0.40546510810816727
2.8203793860761266
4.004149483084539
1.846145618901609
1.0194670457171426
-0.271933715483641
0.6807246605613813
-0.4744579795951154
0.12907704227513506
1.8075078261961863
-0.207395194346077
-0.045276344869641605
-0.7827593392496297
2.8203793860761266
0.8630462173553326
-0.38174858149085367
-0.271933715483641
-1.0748957620508008
1.8075078261961863
3.2732619745417466
1.1631508098056784
-0.004454350349377023
-1.0542764748480593
1.7816070977640308
2.831429222262713
0.9495767095076175
-1.5448993912965392
-0.0044543503493841285
0.9808292530117129
3.3110023025246065
-0.4336359850748579
0.13353139262451919
-0.8982722263714678
1.781607097764038
-0.09716374845363873
-0.6286086594223832
1.1833535171231944
0.3522205935893439
-1.9015743352352672
1.1551826401565037
-2.5463479315109794
-0.5640701382848121
-1.0340737675305434
-0.22314355131421593
-0.15860503017664485
2.0306513775104023
1.2276893309432424
0.10317631384299375
0.9495767095076175
2.539292799461549
-0.5434508510820635
1.846145618901609
1.1551826401564966
1.1529984383416618
0.7497175320483365
0.4655492788963471
2.3851421196342955
1.3375041969504622
-0.4744579795951154
0.4902063365632543
1.4508328822574583
0.7497175320483436
1.753436220797333
3.188104166201441
-0.5640701382848121
-0.15860503017664485
0.30570057795445393
1.848329820716451
1.1833535171231873
2.202820562840337
-0.4950772667978498
0.9038682118755901
2.5801147939818136
0.39304258810959425
-0.3409265869705962
1.5561933979152798
-0.11778303565638737
-0.3409265869705891
1.3761419896558778
-0.7827593392496368
1.0861897686695485
1.045367774149291
2.946942109384551
0.19806991376209737
0.8630462173553468
2.3161492481473474
0.98082925301172
-1.2935849630156326
0.13134719080968438
-0.7827593392496297
0.287682072451787
2.6468375169342266
2.0306513775104094
1.1995184539765518
0.9602099658089855
0.7963234944029267
0.2186892009648247
0.4212134650762991
-0.23556607131277474
0.2832277221023958
-0.6492279466251176
0.2670627852490455
0.01574835696813892
-0.495077266797864
0.4418327522790406
1.846145618901609
0.06453852113756398
-0.11778303565638737
1.045367774149291
-0.7463916950787564
1.3353199951356203
-1.3625778345025878
-0.8925742052568495
0.644357016390515
-1.4552872326068496
0.287682072451787
0.8266785731844593
0.6161861394238173
-2.461190123170681
0.5063712734166117
1.045367774149291
-1.1030666390174844
0.688692830210563
