7.14578972898471
12.391573432119458
7.6472133972238225
2.5933570052020514
0.5809007981843024
0.4940025606542804
11.251021244706862
4.2282797126536025
5.4237327103869575
-1.4597615784027766
-1.7698533797693017
0.45366537140080254
11.824957923837246
1.0424344595940056
3.1713096386924917
2.6061799366766536
15.576418652314715
10.449173622645048
2.6227376252159047
3.386939163758143
2.9323877908359464
0.289486431594014
12.187655435967372
1.3320532338734665
1.1752649683685377
6.1117643072957435
10.988419894373465
-1.8362646614568803
12.523906558305498
-1.7886456322839877
5.814889775278971
9.366977202000726
13.114631898086373
4.292042770492117
3.149924240475684
15.488520365335717
-0.7135336363517126
11.887231131573117
7.157791691377952
3.1778314862017396
0.7251424079818207
8.102977788690623
7.629244340385867
-0.3532977173454128
1.0829060196770115
7.322042793751734
9.7233121867298
3.589863819106995
7.140111741602141
17.790515007937756
-0.1825269917562764
2.535204788543979
0.48472299259537976
23.483908589005978
5.7334775400981925
4.978494507437063
2.0192001259283643
-1.9449058933732886
4.582837154880053
5.329446123831531
6.566060303827726
7.315611868583801
8.687969756062557
5.895533512054044
2.257814042570317
4.846375413047554
3.7396860412486603
4.153449352681946
1.0327728166366796
2.1723046813403926
1.8689470125364096
-0.16751459405440983
8.846673969387666
6.336613023653626
1.4787936734874165
1.7025000845474096
15.128526543513317
13.539348627941763
16.3467114250343
3.095521411590653
4.778757580944784
0.9241434155878778
4.643983651417329
5.161242674907044
5.431424815336413
1.6581408729389295
7.524807055486008
6.229988818603488
3.4067813877450135
21.13233904835488
1.0280914564473278
17.33356842929652
9.214731147203565
3.0897806224488704
6.062131578029039
-2.1907562076357863
4.628621120998105
-0.631277339206008
-0.7164441438317226
4.547538419385546
14.459764535162776
14.745367804362559
-0.5679742032325521
1.9998803146254431
-0.34278046821327735
5.408056832714919
3.0196167688582136
-0.07167619213669241
-1.2362000567559335
7.707251023543904
7.79325849672432
0.3733421414112854
2.4226717244637257
3.28094181516326
1.73790372588428
0.5391531168997972
0.27861296852643136
2.7517175785751533
3.6731055910063333
0.3414704378751594
-2.1336364733670052
1.4444016981515233
10.563444908965721
1.1527486320901517
6.843962957462281
0.24322434420264472
4.056066687703606
-0.024589724093402765
-0.42887020292982925
1.2535358702712074
2.0024909326066336
1.2599057400161655
4.3165781196426
5.889371705750364
10.215625970610745
3.4087190192208254
2.038492940167089
1.4859839697260213
2.0614037248615205
0.8703946258251563
3.508574663931995
-2.410532287226488
3.0876789727694813
-3.084419218421317
-2.2259318260585133
0.5163632022595266
7.936557168426361
-0.2758566610868911
8.560204139026155
2.8493814967746403
20.101352248236253
11.948046426820383
1.6955677799910518
1.755261170824724
2.2812407841229287
1.4034668587551096
1.603769275312061
13.427609135454531
3.114025870626392
-2.1990110832402934
5.5470299937051095
8.583649233006327
0.8297614500761483
1.3862884514092002
1.9121384644231512
9.388200282591242
-0.5075885330334131
1.740411035114903
15.790120128400304
2.3237835864711087
11.727791344304023
1.9180543752586345
9.254869721133218
-2.4721817906870456
5.675544542316402
10.516123147367125
3.009202439832734
4.837526771827925
6.4421780287007095
15.898900563868665
13.774142775072733
16.855333399141045
-2.6120993209224252
4.222658023814802
6.643043688463877
7.528206966872858
4.842680594038029
0.6127528014671952
8.454950636493322
0.48716829227487324
3.505296834199271
6.498676885397799
2.2626145307867773
6.392138276010883
7.01006327819141
3.9361412341854702
2.5344884865544373
5.622474046213938
4.039409279491338
6.1570597265545075
0.12367711080787558
5.968250101217109
3.535044116231802
-0.3732783366522199
11.158046168327928
1.8663418378000642
1.4464390454149907
5.346180619505958
0.3749497295993933
0.5331316473307197
11.427146162018744
2.9889290663772954
1.0998412949388694
7.888165921607197
0.2783720157640346
5.1117238610659115
2.410058955712884
2.1914153048433036
5.035303835414197
0.7308545539844999
4.7609940312868275
1.9537424613445182
16.814061155680974
6.657491263309566
5.145699989922377
2.3149750159891482
11.698572136820076
2.0695805480945637
-0.468707616240863
13.5250473457113
2.623013644712046
1.1004980535440154
10.45296525595495
5.608861775355308
4.653008489698095
2.011916334902253
2.7375713982601155
7.896736796380537
0.30388666283079147
3.0034085518050233
4.6823997665919705
-0.23739816999795949
0.4436397834460877
11.440103807561172
11.453365167300944
22.113774206975677
0.6911195617053636
6.306888111179433
7.213557232470066
0.8706648111983668
12.1045017745123
12.726384098104973
4.944844856353029
16.067599789094857
12.213439831505411
9.51565891321843
8.311285962990496
1.9624022607094957
8.507985223546257
2.478047578960741
1.1617597160916375
4.093909031194471
2.314686778586747
4.259955531689229
0.6171159621935658
16.89017533995866
8.132619819134561
6.839255260696973
2.7288026168844226
10.40467636729909
3.8713204867190143
7.486337196257409
-1.2426282309979797
-0.5363646824134776
6.728160095343583
4.911638972248966
4.7126050853780725
11.065536134466129
3.128740044982351
0.44249188758249147
15.751002541010166
4.736515309014976
2.698084957048195
4.480676820895496
0.2180292755924711
0.04856315799679578
2.182108682683065
0.11457732275221133
3.7073233999349213
-0.43983343939544284
0.16747255783593573
22.64166166237419
11.538916313613754
3.970956967895745
6.303626240426183
0.23952361917781673
5.405702207633112
9.42861577947724
2.550217328776853
8.786228116417078
2.277806182384211
7.421034282231176
7.0717310609456945
0.6673110397623532
-2.603550953993363
1.565017190278013
13.809840725814865
-0.449208453304891
1.2402948756416663
21.05284149154204
12.795002864700109
4.8518042126966066
3.24060625606171
1.1700476795485883
1.1408241923677451
1.461356166522819
2.4280563545867153
6.992133498969906
1.263414599409316
-1.2868677992928497
14.294837806594842
3.8807403581026847
17.826344086623067
2.832219764927686
5.800117823199798
11.700034118653093
13.548134256995127
1.205886495613413
2.2563910762128216
6.105762784475701
5.2754745510942485
0.04799695562087436
-1.2354078529010621
-0.06380087486695629
2.2616042619724794
8.039362222311865
4.321270852793532
7.123524143652503
11.6119022839448
5.987413609392888
11.216288390420232
2.8361171941528482
6.990420274715234
0.7087826738875265
5.497844247088324
3.704472501896362
5.737963683491216
5.3545112802789845
-0.49388331375121197
1.553350605615833
1.2911408859968105
5.739618663724741
10.971403063265825
7.269608167231581
5.353284708187857
-0.08966739191873785
6.383112718572647
13.001765348463323
7.25561238795126
12.8421937725293
2.299388045197702
1.891412957823377
2.019933040761316
13.026030349511984
2.7898857774380303
3.3089410497127574
-0.08940917075278776
3.3860406101530316
0.8626898086599795
1.3604614925566239
3.8151359733788013
0.6021229644729829
2.6367114545350887
12.108586787418972
13.17004754239997
5.274560370774452
6.363670898287637
15.211941923599625
17.60754812246023
-3.1314021091511677
1.0952983935890188
5.746548535910279
3.2158216244238247
3.6991820646198903
3.4768515976752496
10.443363992276772
3.6510639168377566
12.12160745657593
0.6662304294859496
2.108974088854211
7.4619139407113835
3.145557089774229
8.517185494221849
-2.936213248074182
12.564120052363705
11.483395674101075
12.76736663065185
6.2584140547478455
7.159765371688536
8.209441561458334
7.298081204571645
0.6827160276839095
5.096355358314213
6.4973275017100605
2.608268781242259
2.4728818630055684
6.330737853286337
-2.549094960522325
7.913859994028826
-0.7358747326011326
2.473301957826152
7.569466346338686
3.0385141006206595
3.7286075703614188
2.619530229227621
4.12879993663455
12.047168318917102
3.4760111492896613
12.179118350243698
2.5085065216962903
3.362275169964505
2.490827145935782
5.803118811557852
8.269792056471942
2.8123698108906865
0.47831940490323177
3.847929376493539
7.448669820129908
6.523463946120501
15.112651712746583
-0.3471716094513795
0.7651940071568788
-2.3096572589088282
7.5347003701704125
1.8110760631316225
-1.333496524376642
3.3101343421931233
15.534114566373546
1.135461114388363
1.0406210840260428
2.6434860611748263
4.475489599881257
-0.5143664244460524
7.747913436085582
3.76007384055265
5.828468494317804
10.470755465813454
9.615239982997082
0.6813451471753069
1.7000164251830938
7.32706583548179
12.49005613694294
16.365818216390835
6.6869152046920135
5.101175032093579
-1.8220456621133962
2.8530798997085185
3.4102251444733156
9.916342465563503
14.375314094100759
18.313735880891045
5.916501138676722
5.868137977488914
2.667158275590282
2.933453599638142
-0.5206155691125787
2.9520680089212874
3.9841055204205986
11.156138414221914
4.46094469085665
4.723413638120292
12.099983335740944
16.74786755934474
-3.4186363572853224
8.79513177471972
0.4351686765530758
-1.7893661964935745
4.603276647385428
2.9400625604816923
5.488509088403589
9.038806760240732
8.796693939730176
10.834033945561714
1.812894385006075
13.216977592786861
0.7148180115045761
9.978857705793416
12.68733598582594
0.5104576489902684
5.29161027945338
-1.601746748610367
-0.17190786785204182
1.7289777254318324
7.753844636381928
4.071553314946641
2.3289362757504932
2.5801829528209055
1.4500860596808707
0.6894711005111276
0.07551596505072666
9.247363512322408
0.8799041304873754
-0.5512801819277229
5.4332449182811615
2.460805615559366
0.10041141457031699
10.931440714201472
4.927926239508679
1.3921958579685452
6.0959232933296335
4.565915177285206
2.711682933350403
14.109783801868161
24.30341639684957
-0.2251364769222164
1.3902187925014005
13.574532665075822
-0.11132807769763531
2.7901097383296474
13.18760983999482
12.614060047148996
8.73184034549854
0.7713160998441708
6.769042119959522
11.702460511451136
-4.542977996368791
-2.33412937203002
5.072397653214011
6.962701220086728
2.961744985770565
6.409889508743163
3.8334329255744706
-0.6697096097650501
5.532259388632156
12.699870352326343
3.950466218607744
4.804944661088484
1.660730443403736
30.313756348754623
6.764630419022524
2.3961032995653113
7.4867043822705455
0.6480607890443935
1.6357248085691936
10.580285015444588
2.1053480619684706
-0.021065704965167242
10.05745948980939
10.455222758607306
11.484570643933239
8.94628098696694
3.217703686347704
-0.043322027073827485
7.44907915238764
0.16183282922520448
-0.3055798111981858
4.914475916635183
0.6074170252040858
4.889332219377593
8.673641253904862
9.039084170490241
11.442327276070046
5.994158213321043
3.10357233942932
0.08991931168702649
2.593059645038011
0.32970390277068873
0.3464584220746474
0.35589167195712434
3.1984418795054808
7.550136488930093
-2.2195845751134584
13.843995394625836
10.044140331368908
6.454549710816082
13.5313516338515
4.78349521544078
-2.945212441769854
8.556468018949545
5.647019481762072
9.333849072730118
6.027806535688796
0.8341733851607387
7.941344827564535
2.0582362918326
3.044388385008915
7.790179716643252
14.778956616528149
6.588420003618012
4.976366054461778
4.007966600404416
2.9753121351277514
-0.6379022487594739
8.7926159375711
2.92008955831443
7.218308847511253
-1.3787399998991532
7.0756112235367254
4.411598628081265
1.4527905334252864
8.997434486008387
5.676596715095911
5.752229861791875
3.743361356598143
2.4518383652748525
6.1492267839721535
8.315272722163172
1.5945494496636456
13.186296497711282
0.5294809891929617
13.045353967379015
3.9353104771512335
4.3724375823831
3.76957074673237
11.039950106199967
0.9697035339263493
1.9988394653978503
5.308165792130239
0.48740922504566697
9.912836772839455
14.839573418377313
5.688520783510739
13.470086031242772
10.225578113703023
2.981259971027157
4.613637688427389
6.215065270936066
-0.11065404940882217
2.926884686615267
1.1588194740274957
1.0953062354624308
20.202953137825716
7.108944059975329
0.9491583739827547
4.14385206209613
7.044040690817383
10.532951118832443
-1.653814954247082
2.5203549677626143
7.167655559114792
0.6912565389939118
1.756585199404526
8.397251282914112
-0.9831424770636659
1.649763477423221
11.641366200360608
4.140586204292958
2.8490861200612017
3.7382974345114235
3.1938669335154373
4.242228789434648
0.6470073184023022
17.03098985649649
0.5485573476662466
1.4784126238359931
11.955137583323449
6.3168582917178355
2.47605385906445
0.587189694103472
0.5437815585055432
5.5389844331421045
0.6340751618236027
5.706702280489026
1.2245176292958604
9.382186098771854
7.0447555359214675
13.057113757968182
7.986884479725177
-1.2096107646789278
6.105703688544963
15.780906468904504
8.58720497089007
10.179434414118077
6.455360400756035
2.2134028841956024
4.903127905120982
7.325094002052538
12.428104866760805
3.313957544652567
4.155778378497416
-1.6307744880377868
2.4990458945844694
0.7474321689614953
18.545787013027166
7.003873830575685
7.21564117482194
2.8850491169182533
0.7115615193561098
1.4876588909296515
2.23598071426386
5.710661847146639
10.828829810052866
0.6490069394058082
2.952229994023128
8.59081330309482
1.6194793096151443
3.6815081118293165
-0.32440811062906505
1.5704951151546993
11.372257933164747
4.652091370683593
22.61640340558074
12.427419082559481
2.281436576260603
3.0166562671283828
3.6681399091439744
6.4419351068281685
2.6311253722788024
8.789234973201474
3.8867488934879475
3.777207540840209
0.10695673356212865
1.3833555228920886
6.800210228387641
14.097772484863071
8.314856039383812
7.004200124434192
4.0020764859255
0.4246472652657758
4.362584403195342
0.5397739662871572
8.95094002026417
1.710214821309819
5.944263358003354
1.4016754705612584
0.09862106355740252
0.42286970403893065
-0.36776769990228786
1.1743813219331969
-0.9453171160166676
2.7887305686367654
1.7185218064469154
5.8005541679008275
5.678283975678369
2.4421797617510492
0.8322234597690112
1.1240059438637218
8.94547338807888
2.2870590303018616
2.6589767254176877
-2.0800449881985514
10.243171164180012
7.84087429039846
5.249989928479408
3.9026630201396983
10.859190198575106
5.663800249872111
7.342604578816008
0.6697927789382447
1.9458798931373167
2.28427769984728
5.574722889642089
1.4082415905550079
1.1755382351498156
7.2364332534241385
3.10974770594612
9.771759588699751
7.038658615528675
11.596816434223001
12.676521386703826
0.5990491811526226
2.7238246163660733
5.719908100667453
4.465373372676368
1.0835739591220772
3.8238885086807386
3.9140386266312817
0.3126032815189319
12.14236283313403
-0.6205489508720348
13.817961526551699
2.410845025109211
3.8531885743982457
2.862807023434925
2.0484423750226597
6.269863126287419
5.063940877072582
7.557473453577131
1.4981833975907648
6.403562621412675
4.044387536078375
5.119258735751373
2.2532045104039753
0.8153180398439872
1.333476248977604
-0.2929487689598318
1.494643937908677
11.848930347693113
4.689186047821295
1.9782613815286823
0.42146440131182317
8.81497095066834
4.360326704141698
2.070307911344571
-0.08011985412667855
2.339369648570937
3.7748605085294002
2.3319428387039807
0.5221201376521094
8.748618695129153
-1.173843769157429
0.5854201414686031
11.716539477622064
5.360195576000024
12.789357579988518
3.8343279707337388
4.4676393738564
2.790388726142737
1.0224606086098902
3.522013422695636
12.94087149257848
4.901072444682086
5.106688006987952
14.42419231398162
4.093737424255323
0.019087498150383908
15.003219441715828
4.142386745626027
0.935886184980518
12.591000176586022
1.1535963328701655
-1.7405635985378467
17.8183704607286
1.188654389673502
9.282264999360905
4.656381417924422
0.9303644890651412
0.7090245387394134
11.608845685951565
0.6931493701176805
4.483613313732803
6.745619108805386
15.870564157600711
7.203310963370313
6.830304507618621
3.692942125479931
2.8201361673914107
3.492436444529176
2.9791109479265288
3.030250157021783
10.322723853873867
2.9253510982334774
2.8944216822160342
4.268792641969412
8.10238897586214
0.9185033924354684
0.493605012572516
-0.32842741412059695
8.981368864865317
0.7850701880702218
11.476634433087838
-0.20991442840386298
2.153751126840689
0.2715687994386826
18.906469829689286
3.994148630411928
1.0196704844875057
1.0864633493720248
9.262311016244894
0.9343097666019275
0.5018801993560373
8.84080395662113
5.000726439398932
7.526723866913926
8.977763280952786
5.51328204054289
6.694177646545995
0.22965772922543692
1.0721652473434915
0.2707897242598847
7.64222587883296
6.257714684145412
12.408982650194503
-0.8272992655156486
12.163808820245777
2.6745277845120654
8.341308654771638
8.560171747552886
7.935921334822979
10.989881987487479
3.5117461509012173
6.325062922595862
0.6006328017092528
1.1267149252021227
6.366802449039824
3.626443701071821
0.9380491559968505
-0.40985773007741955
6.286725858469708
2.4754400220276693
4.9091340404443145
1.8978056064024713
-0.6915222801367236
15.146918679403598
5.504966139184944
0.06470432354944933
8.96881087017664
-1.1895193816976644
3.6504466744222555
-0.08144500379012243
10.199909376704227
0.20764491236968752
11.583675550434009
4.95430859177668
3.0375978173760814
3.156809511667234
12.656295544458317
9.961280663485013
-4.208490268593323
1.6588677545641985
-2.009423313983916
10.893298122786291
0.5588542684599815
7.0180072470902815
3.074118698346865
7.206155908727396
6.770085945466235
5.935137119356568
11.36417604706071
1.931556314559657
-0.11004449878919331
0.41521599360112305
12.554082395117348
9.726862433354881
5.203342337594222
2.4616889327689933
2.637415405988122
2.5663499630809383
4.467140647425367
0.6014967814066949
4.502651856217199
2.799902680249943
1.5694222972433636
5.662247195922191
2.8354979217183427
-0.2605352833093093
5.6136836314517495
1.3846317764405285
3.615491157478573
-0.6225396952077062
2.458104945103969
5.055483020100837
13.126432457820556
7.20327037171046
-0.5696412030470128
3.227463567062159
5.1638291765439135
0.03004013457484689
0.25148200557032396
0.16371023918600258
0.11002823232229275
6.075542362887973
-0.12047446967198994
13.541993710264705
3.825789963319039
-0.17143577640672447
12.894720148057331
12.163131832677209
15.48603549098948
3.831468921938722
0.36794156258474686
0.048562794035206025
5.767234769633433
0.318336599723807
1.6427999294487563
12.036896572847127
-0.37583835397526855
2.53922228790816
3.8203229821324385
1.3345491883051182
11.101111855307863
4.9042753157591505
0.9846249028914826
1.392888835451231
9.566547404488574
1.6893993192052221
1.591228698017403
8.960876630700113
1.5871068471742547
5.01921051409181
2.0283215010667845
20.959548382559433
8.673574752686818
3.759470401591443
3.3570500439959687
-2.345762501970512
4.265726169923255
-1.6478588580271207
4.419637492622769
1.311279159863716
4.3451866075274665
11.148756969061651
5.825738361147614
22.112966545115796
3.8448882376005713
5.539084742379146
1.1275936902975445
1.4496087112711393
4.678780659250151
5.39181638831451
