0.007380107297606742
3.9268364892640335
5.3295486896678455
5.231427545257873
0.3781960799926054
5.366700955299137
1.9231762761051527
2.5449987429684455
3.2324399800215105
2.936211201601253
3.3474719823060184
4.490908892023754
7.148106352050618
2.3193329502952764
2.6506550728570915
-0.324874493379383
4.751419587841923
4.900653329751293
0.6035350218702575
0.3119309332471545
0.8890217037586154
1.4793343923896884
6.946728088981658
0.21728962061042978
-1.0758065351756159
2.456568674483563
1.4212624249363444
0.7960755912491777
-3.053707347300488
2.691477067377349
-2.1093157356240084
1.802642207076886
1.4086001186341974
0.7160358585221189
-2.9637859554514137
2.313953857583911
0.9682477515255812
-0.060342115987864986
1.1667803833983328
2.149752841903151
1.794674037427697
1.2826203157736273
-0.07047839856106464
2.5961668875730197
3.0294296891689925
2.272516904169649
2.802783507303573
5.690959874636292
2.989082532641177
4.1034162817349795
0.7062192621273056
2.7275836944501037
4.24404881409221
-0.30720219391940873
0.48695318755952144
3.7980463369460296
0.035550984264318686
4.846299218523896
8.039280976953023
0.07318927663662578
1.3125053173694567
1.2574614892769347
4.040619162865951
-1.3908827855259318
3.502111469362845
2.5224798794330923
2.369145859512386
1.2865298309661881
5.962434905857961
-0.34289299888204994
0.5277751820797647
-1.0101205265080608
3.725821852234091
1.732918969205116
2.1100461020088375
4.781626623329643
3.4869727131251125
0.893817876022112
-0.013822100352982147
1.8644947575698012
-1.6103566079511609
0.37202322088553785
0.9355417193934841
0.98082925301172
-3.6557275505371223
1.002031460662323
0.18318698307038517
5.219312859646848
2.364526370695202
3.766490056818853
2.3884115740439853
-0.4584058860039164
1.2155705475677507
-0.324874493379383
-0.9010284016470678
2.4754229510336074
1.1973230634131369
4.253349325618004
1.516276790509849
5.344675425748875
-0.28720118761441427
0.4340818565195974
3.6711798770145236
3.921377447029485
3.591137169340996
-0.6914607102483927
-0.8218992475868987
-0.34154154586458674
3.782494239333019
0.9868310107494409
2.4415505146886147
3.0415563949367055
-0.5893879462690848
1.5855654762276146
-1.1369563867963421
0.8318632899186724
2.11463326601573
-1.6813158913495982
5.205110236940499
1.646388477052838
-0.6818104544162225
5.3978318738943045
0.4495530187744663
-2.4276674311320363
0.15563898738990645
-3.12278894599568
-0.24583128603893556
1.8513515664303242
4.479359059858993
0.4544882539611734
2.1381340545058407
-0.31255400899132724
3.3172559664477035
-0.8646668043210894
1.0645874809976164
4.576066700364052
0.7598699035123673
1.4629862683077448
2.2676628206009752
3.9334612170123506
6.658963092060205
2.0643427462804738
3.8385837059840497
-1.2076425332149086
2.644824966797316
5.6566604835294925
-0.18632191884843508
0.707495957173677
-0.4823453444282819
1.1301837605755196
1.5032526200195377
0.13654799643468607
1.5161560248554622
0.8332819814139043
0.175798758922582
4.732355574322881
1.5867040394839336
4.246799847464118
0.8934872428565797
4.4153126123073605
2.4361164856185553
-1.292069975170378
0.8596323140124014
1.0023503890656258
0.17806890745713133
0.4451316927061697
3.890323066274277
4.442568332020656
1.4609852537214891
0.5136705758982174
9.769397160541502
2.015221948945552
4.758288341201151
2.8312621239249722
0.09781331002243121
-2.669546482453441
1.5345911102433547
3.6158750318239328
-0.2931359231342441
2.5714640384827305
-2.836813456877749
1.013782993839655
-0.7170196167664358
1.3067325382837112
5.06057501581266
-0.5611174039003544
6.179475958518012
8.98093980017724
1.3136317607439736
1.8026422070769001
0.22187290311275376
1.368108757279444
0.6007706800961188
-0.35746470730282454
5.199268010998935
0.848401410250915
2.2440635213744002
1.6185556396302587
7.257440333220458
1.1274327272035976
-0.08647658387873491
2.1852230213514616
-0.16797278018026418
3.2841659431851014
3.574035239701729
2.2722461031033134
0.5906204282857601
2.0792744433420864
-1.5330649336495128
2.8191087378746715
2.3147575901851667
0.21807424207081283
1.2584609896100147
4.743074777343949
0.42731687732755574
0.9510650170703059
-1.459287594661319
0.41935989642698246
1.8079244060814261
2.33367568006409
2.3204365001589764
-2.850285618466458
3.365477179406412
3.4846597954172154
3.6992678295115695
1.8944497563300047
0.40352559273914324
0.0943914842872573
2.3130563928613554
3.4263480913086966
1.600972011281641
4.355958807903974
0.14032857947425725
1.4885732102402898
5.216579264289265
-0.340926586970582
5.760331605760314
3.9439442216418996
0.3147840022295725
2.61674264782728
0.39605919191977534
-0.8791384662428641
8.070347089417695
1.6262898192659492
-1.5150464281468459
0.7792185425136324
0.614584858056844
6.083598947156631
1.7444842929038629
1.068271179123741
0.2273399564639078
0.6227547287185757
4.939947028024065
5.248248387678586
-0.06591120494952918
1.2473978450211547
-0.14916965321714315
2.7114507960428966
6.727878594299071
2.728571836823008
2.60770275050065
0.6762434136695674
-1.2330623768097126
2.587172190506166
0.1662293079064341
2.862200880929464
0.6989148177420077
-0.484723194321262
-1.718137523815372
1.3229053975293112
4.0876118968396185
1.3891393132521443
-0.1271507856599925
3.2592460955684714
3.124817238221368
3.884773088453443
3.638235721295189
3.6982338957152763
1.5069223489085033
1.7179660413490438
0.06532314259798966
-1.5697713278360936
3.18653748750927
4.539599140236334
5.152546294351495
1.7670164648414612
0.14231108027657058
1.1042082741722368
-2.785827902144902
3.0622930400723334
1.56236625702239
0.7740684284542283
2.816830422841562
1.0831777181995648
2.085956222701043
2.145683379794903
7.231699984529584
-2.716174280340539
2.086573745823685
1.6427935061349785
1.891596687347601
3.763398864249197
2.5297312708376722
-2.206009406891937
2.3395356576127853
-0.11002974487986705
3.193732740460277
3.4774544116959447
1.4460367099939901
3.43208427860813
7.882327511509132
4.871716942465028
3.654535718040151
1.6047225449866147
1.7656976893030532
3.1518031631514987
1.2540762553280587
2.1079430518120574
4.933310595513518
1.0861897686695414
4.6464110248684705
2.802779724933586
1.1964255986905528
2.6305914284628074
-2.707569316264852
-3.5879402645243914
3.288599062739962
1.6458246677458135
-3.108432246989736
3.499927267548017
0.312183220529505
0.08367228126617476
4.786212928082023
3.097557134379528
3.891322566607357
1.6032650533270214
5.947346432986009
4.748492570494548
2.4142183837158058
1.5350799174729417
-1.6402095711008542
5.324953603268696
0.90874352623878
-0.12656786521212382
3.0135836807189236
4.368862212739856
3.04702556794156
3.51794577305067
0.326654882451308
1.2113529116235355
1.0961801836995022
2.1334858694392835
0.5739645645491436
-1.0405884485517305
3.3035359017052315
6.773191361743443
-1.1464029525044452
3.107365564275767
4.39659821255249
2.3573922066813964
6.958694501031644
-2.615377225572658
1.5349911902646909
1.476808368660727
-2.5555949158601976
2.322118586341958
1.1555015685597994
2.260965168611122
4.629432839791804
-0.030122097097944334
3.4888695089691737
3.51702919718727
-1.4914471289202567
2.013817226687408
4.317321015198559
3.3180999039936694
0.4333668511265927
4.963962907135851
2.6025225871066056
1.6664292279362911
0.6635767232388332
1.570061289691651
3.7498230043336633
1.5855654762276146
1.1969255946687554
-0.30596971190273337
0.16020065362627633
1.3173014896329533
4.876527027868775
0.38904222605513894
7.554557167483551
0.3622440329004064
0.17275210577780342
2.0218174347827613
6.451323727281945
0.20942348657176524
5.835919963084464
1.3970962941527176
-0.5122303460241113
3.7301202929943287
4.999550313974908
5.905645703787059
1.2437414245344627
1.6246033489543947
0.2987319086383735
6.320306653624144
0.4778585745357873
0.970061922653727
3.932475194293133
6.116049153742708
0.3480029576451642
3.773126489329428
3.1169270928996724
3.2284513227292706
2.069289170215825
7.131073553872696
-0.947062390540907
3.255530358996211
4.725102279524549
-1.4474050096773539
4.236255562477325
-1.2299482907291974
1.090488209429779
0.5500463369192659
4.5035282277279265
0.4584516774273055
5.149114689049796
2.2180880349711316
0.15675372600222204
1.8430639523642043
-1.6761657772901941
3.8893881931420395
1.0171968971826146
-0.6800690521476866
1.152100973619099
-0.4192872084611423
-0.1859912856829169
1.7999606205608103
0.9977788113254888
1.3331246045721912
3.7287688399768513
2.067093779652396
0.09120778213933534
3.0608455486408843
0.10396093530340522
0.3092032085056786
0.48080556227856164
11.44996340379221
1.9876339924267228
2.0403016333425654
4.285683930255388
3.5341458538388224
1.0395026546969035
3.529761119556852
6.821203566445561
-1.1557707025080788
2.803577273699304
-1.1763899897108132
1.309754283997549
2.7065155608561753
2.784909206627816
0.2034217288340585
6.44332641485623
4.018052193795583
3.933563252622875
3.069579228609612
4.603474791402832
0.47898501791033254
5.357124842289849
3.324574380070132
0.6232356135559343
2.8730006943086295
0.1676019917183993
2.0929945080845442
4.002711736545336
0.7272446761962925
2.9838978159069995
0.9209198057998833
2.8722512167829706
5.586308851781041
3.8473173859528202
-2.6745676643598983
4.980897738437378
4.106497948272391
2.1124665022151987
1.0678406300013563
1.3823956535789677
1.968627175339563
-2.4076318221522826
7.025713038214889
2.9211412969092407
9.988561570185539
6.401470486539679
-0.18372113714836757
0.8234948710365444
6.523952042977626
3.782494239333019
4.349369368911653
0.3710237205524436
-0.2200618847768112
2.342434518018564
0.12886216340247358
3.006534206586821
1.05580265144188
-0.02191721304362204
4.886221628667883
1.3685947840204875
-0.25313058852053416
-0.04879016416943216
1.2234366816064153
5.103173209734194
0.43816302339006086
1.0005298446973967
-0.6633962530207782
5.521305008273103
3.3637759820825863
0.8512813757757698
3.719074239177729
3.6864473491453253
3.4559215708798234
2.57483773688098
1.1507013932646686
3.4243309878315955
1.2175257707306315
-0.5342979799511198
-0.46312125345139066
3.6421923401413068
0.5892320366799169
1.8340268355261315
0.08275872765280212
5.234928402957465
-2.7996766827804294
3.749823004333649
2.152149933479123
2.4237478738935607
0.03888988552982653
4.731071448507535
1.167779883731427
2.4232878387537653
1.715219392105709
-1.176389989710799
3.4602126052614466
-0.883138828297362
-0.8960880245566187
3.7494064244484377
-0.8342561545496494
4.063255553545773
3.134117749747176
1.486585567534334
2.2414671371925436
-0.4579250011665579
-0.4303370446477146
-2.2834592552576822
3.3880922758136904
2.5763372331922483
1.889653584066508
1.4481514649529998
0.07545942517121773
6.130041593543467
-5.387638852910598
-0.612577796625672
0.6526558192052221
0.49850513937794005
-0.6322783883113203
1.3356506283011385
2.2406305068905965
4.647810605222901
-0.2987531394328755
0.7760348403657105
2.8911620555147266
3.3203567441259594
-2.2771864801937483
-1.178574191525641
3.0622930400723476
0.5657946938874119
-1.1583714842081179
1.7735738653876325
5.478360608308876
0.7906394425254462
1.1713475770098682
2.556825278223201
7.385632964658782
1.5917383353346963
1.1916523199378872
1.115266032751066
1.615135933548757
1.8743164958683138
1.8531142882177107
4.05417212927064
3.0921460032220267
7.329680392889799
3.166550005866469
3.396248838073163
-0.8817392479429174
2.1490839747356034
1.7987281385441491
8.670368291988169
2.644755350729909
3.3079475325296386
2.559014621941742
1.4441023365286298
3.6807493280307
0.6769279886309789
3.3172559664477035
1.4217512321659456
-0.5914563937910629
0.7869557443993358
1.0606240575314985
4.691149038363548
5.141496458164923
1.2623384663564394
2.2674338419490283
1.4793071147502843
1.484107671142354
-1.6343098489736576
1.1537830598020804
4.201725203607026
0.9126210029851904
0.6321112899735795
1.061158850642414
-1.2198979548757052
0.4948354104889887
0.5524665426677018
-0.12364815510878202
0.7091992741511604
2.104498332566024
0.864488517234733
1.6258897392445988
4.070176311784792
2.736870639637715
1.6435085115279975
-0.5804065576045048
-1.0858670578962943
1.3869439226886726
1.3062516534463526
2.4584222431328584
-0.6867665735953921
3.5114712969742072
4.641958794172766
0.3526745818842443
-0.8224660791439362
1.6459075922154938
3.9022915979779214
-2.697897829638194
3.503022242487674
-0.9972521350647554
3.6588593926264963
1.6722810389864264
2.43368438064995
3.033374950054906
-0.058157914173037284
0.10408986745636639
1.0127156502907724
0.8596323140123872
8.40532367089537
0.466333900356787
-0.2873631440485127
1.247397845021169
0.7179789618032117
-0.10433172376524169
3.180556960566065
2.725901608267165
2.4530660439323384
3.618521821207267
2.6007384653131425
-0.08052873441457109
-1.2888908263626178
-0.173238132518847
5.890733105375901
4.370963490085032
2.6517936361133962
1.9048190205867854
2.578521435007076
2.1236832422816008
5.040524679820663
-0.45565485263200856
-0.21527741727554428
4.9371959946521855
4.616848734045945
1.1042082741722226
0.2288415724288626
-1.443041506189914
2.8069899544991728
1.3738718411213569
4.186984513470534
5.40100765364997
0.38059317156861994
-0.3221234600075036
1.7152193921057233
1.6849454649422313
0.8630462173553752
4.383262138940594
0.284829003469369
1.2139580774522045
0.6319075998495123
4.442072720171012
0.7920869339569236
2.1346123128138146
3.929793607777057
2.4948089984445687
-0.9269291300792162
5.065926830884607
0.39849643879206553
1.957212078066334
-1.7878819924816298
2.701900456167593
3.2423131676607255
2.08774034449452
1.2378144247678762
5.992133219817632
0.5514917086970712
2.7715197750508764
0.23782296109342838
0.437036580015544
1.7358335374047726
0.3995252306846737
1.1813710163209095
-1.3711609630457673
4.583941616049501
3.3320374118374474
-2.693701424488495
2.0182715770368134
-1.058945704070112
0.02712882632025071
-0.4840274306112491
0.8607491722783465
2.2080376991176394
-0.48197216094938256
3.696599720609342
0.9092244110761243
0.9033933738831621
9.18857916495547
0.10136015360336614
0.05256998943390556
3.757087704140474
1.1642543596693713
1.1195453623704594
1.6607312068216515
2.4847395514502466
4.847000915514613
-0.37956437967601175
2.8827225166502615
-0.08793007250670826
0.40319495957363927
4.354276721720979
0.33420208808666985
6.53339986908486
5.124632652112908
3.2779335987808764
0.8134333464344508
3.255530358996225
0.24352098220808216
4.178923834243122
-0.09201123937720013
0.6272359756104038
0.1096589564180448
0.10536051565782145
2.0445192692867806
-0.9362027668645538
6.756665045307983
-0.2733524069789013
10.497122187320656
4.029556018277091
5.9739057060583605
1.130979570784504
-1.1874398258973713
7.824384050400411
3.061189490208662
3.213021894164413
3.5038068639480855
3.671975687223565
4.4748596192579555
0.8064758658669575
3.7352323714110582
7.6045458261430525
1.0373996045001377
1.4339987314344995
2.051103566375403
0.25519190502733125
0.7119503075230398
3.962962227477661
0.02679819315474674
3.3448600118573495
-0.26285029120853665
-0.9046233725649273
4.005637790647228
0.24424372335430178
1.8419359053496436
0.3759259314580845
1.3330229500586341
2.184307864098045
2.585820737488703
0.04981895606202613
4.347225127935204
0.6604091099817282
1.9769955942216484
1.655790829731231
5.445837416603311
1.1583182149674798
5.729613756232538
1.928710567934104
0.3820735567390301
3.8913207937557246
3.066170516818758
-0.8365867742163147
0.9957549032284021
2.6182856710870084
1.792078397631343
4.506120830438974
1.9562794133120889
-0.6164552733720967
-0.41516349127728347
0.37251202811511064
4.021802727500571
3.1445178299070307
0.8862706703867076
-0.1793745690512054
0.7345978869514482
0.7243997240640425
0.5573456394008929
9.546253609227293
2.8700349765219784
1.1384825633901983
3.902208673508241
1.6199092123014083
5.078112636478011
-1.2744512028870076
-0.25223312379796425
-0.6787984039462032
0.12197944080607215
1.0259496882922008
0.8020103267689791
3.8253305568418057
2.510655006894652
2.4942610913893333
0.8025103227471675
2.539044896307786
3.774955957971329
4.364327057574485
1.1049928956326482
-0.07768378228234951
2.6329075846806234
5.196376556971728
2.173056326898916
1.429719401815106
2.5590013135394543
2.7681422942826543
2.08674084416144
-1.158169783195575
-0.01972182248017873
3.2497647109256746
3.3347076403933187
5.79421355772736
0.5405114885779199
0.7576857016974969
2.3723274420066076
4.736031350056734
9.874757676199323
1.1682547217238692
2.9121406026458914
0.804076785179447
1.927724545214872
6.9294171510857865
0.8912170943220303
1.9382609078094077
2.76445859615653
2.391041841761492
5.135251939177124
0.9988477585144295
3.151569423692834
1.2917357784948678
1.2404424841073336
0.6249389305334176
-0.7000006115968347
4.570951599697281
-0.03545621021116574
0.7743046268457618
-0.32212346000748937
1.9879164982552737
2.9247729901555743
1.6382583509695934
1.7882105059934759
1.7973554547321697
-0.04319417866530273
3.4663854643685283
4.283269527245508
-0.4354521453144997
0.847797856365375
3.8129271479840696
0.8656469990554001
1.0557218466258718
3.077378527069399
-0.17627158299494283
0.40669759012483553
1.157785686331465
3.8549010141629196
0.7146683166138246
3.000586357122657
0.5855165163675764
-0.7012824485468769
2.9250440074818016
3.37629242084148
1.4508328822574583
-0.9396743608510576
1.6460924465621218
-3.267800063094299
2.493557405287092
-0.22314355131420882
3.400164857047969
1.152100973619099
0.6703325027937836
-0.6787984039462174
0.014348776613729797
0.06989033620952512
1.8308130840435552
3.1023304131321794
0.7350839136924918
3.679497790970089
0.7687355378841261
5.9347591357279725
-1.3649769151900841
3.1375624689932096
2.569153685003485
0.5114543356372252
-0.21449279581514702
0.49392185687560186
0.1487988647553209
1.2495792663474248
2.3496798625782276
8.149928075743986
4.8709541565370955
-0.2573812487458298
-0.8431014552374876
3.727269343665583
-0.017699577099406838
-0.6810685524807667
4.664781394331186
5.393087710472344
1.7534406049259275
-0.665564365944789
2.4231997723803858
2.9670636650840123
2.6517936361133962
2.2063231933915404
3.052388571762094
4.09417746388435
4.10573243795281
4.657380056239063
0.12767746192072593
0.7507170323814307
1.0865086970728441
2.7414057948031
-0.08096140319059941
1.551246973979957
3.7041469262447464
1.7740547502249768
-0.9865212272814432
1.6237866890478188
3.3197819901766508
1.7624219935905074
5.58984450661336
0.6511542032402815
0.7906203313846163
0.39699482282712495
2.112797135380731
2.6052736204785134
1.6340598261662365
6.6769529707999595
5.578874860094572
5.824491267260825
0.0943914842872573
0.19667033340768114
1.5745156400410423
-0.3401419655101705
1.2468230910718603
7.105755745888416
5.678329606780295
-0.6236276328122727
-1.7558084049424139
0.013552966404716926
1.197777051708016
2.810430704736177
6.6481090236054285
0.8458006285508475
2.168555968866258
4.270800999563647
1.3396263582880863
3.233345367136323
4.075749183116457
4.666038978236699
-0.4150345591243081
-1.6976869133440857
3.3342328024008765
2.542184253488756
-1.0433394819236241
2.1852230213514616
-1.0689610265309852
3.320356744125945
3.212226083955386
0.6145848580568583
