3.1271778796495937
12.12501289646417
1.6690481919442277
0.875844663676844
1.9902835129875598
5.948958962193672
5.11917017400657
-1.1112527197169584
2.3482921692258287
3.4523299142799715
1.298875056262034
-0.7931093305016361
15.538271108964807
6.874664122866989
2.8335730388614024
2.615570367544592
6.393404845439534
9.195970058944454
0.3411635422285144
11.910606299202328
8.450444844817866
2.8044993769884172
2.9695793278480664
3.8976606518440917
3.233820467385044
2.2495572928013985
-0.4767449989690249
8.712826531206247
1.1844307811585395
1.172396718658888
10.12384456692206
1.130780139773492
2.6841904696214556
2.3909570477906072
-1.2170709717750583
-0.036102211313675525
0.5863901216330021
1.5653597520373808
0.725442744702832
2.7750776025162622
0.7641862051254975
2.996436679110559
6.01152785287718
7.6381294799460875
5.242633661720447
4.195776286252794
-0.5389102734503695
-1.2486762671812812
3.7676418110341388
4.555709854896918
3.385923412303498
5.996723489266117
4.913437735311049
6.535939782419746
3.6415226022555203
1.9548095669289864
4.705951015939206
7.052698399827818
7.056624375919114
0.9383275474704078
6.494138775715385
4.966601643526076
0.12649085507160862
0.7353385450475116
6.630423890748148
3.2527411302928613
7.1257195622706035
1.2566466917710954
3.2517561542017575
0.8649716786167119
2.266392249187902
3.1575444354455158
3.094278487061274
0.907882786358698
0.7715721364139085
1.468231605906567
2.833521563296131
-0.4645913903506198
-1.2014579644759351
5.420900862647727
0.44024742000254946
3.8063461905063605
-2.3078724070218186
-0.6511290104229488
3.003367426559066
2.4940953532202457
0.36531070053700887
3.6659959567754754
6.746651220873105
1.1140979906421649
1.2102099384126745
4.890651919296147
4.201975751930377
3.2054902187990706
4.542188587860949
6.094299039036855
-0.6335354446207475
2.636117281428767
1.544870722977862
4.267676613501351
9.724296571753001
8.795924046821654
6.750033901851623
-0.3112191561601776
2.083788799407955
2.6475713212751657
1.1123704335701632
0.5006174307239917
1.7139319704608624
0.5868841982866684
5.625237866090799
1.211137595800892
0.03425372061997223
0.2665524882004888
3.8196277002239185
2.812956640495827
-0.1209389229980502
5.2681327944499685
13.195373258888083
0.9676013787372995
4.735900228883111
1.335945774327513
-0.34004480823989525
2.4464277380362205
5.744826512237182
1.1960845721369822
5.898147148854264
3.1665118423825334
2.214231924605656
0.34117606149641233
-0.14032659036666928
0.3580956204872905
3.2935585384808235
3.662376871443314
2.7290316330280007
4.035154946488831
6.739962220920347
2.158761508207249
2.227683163653637
-0.6074675652267842
1.3796368987746632
1.4218089535980312
3.131865075162068
4.702752658968336
5.927922345970671
-2.7897037655345684
9.174167282446831
3.5166335876050994
6.252347825250581
5.009911256470758
2.728757191357431
4.429779326783432
4.523222259390991
7.961379872149223
1.4631693451280512
3.9374220163975906
-0.3205747756801429
0.8006815227039965
4.022404577438465
3.846481709638283
0.5549865884558471
6.300763307728062
6.490504849376265
1.6338021103374558
1.197314979445764
3.817656778851699
2.9194714480392463
6.282948150350535
3.994678457363989
0.43949990924778604
-1.2020887844367962
0.3288770632749447
3.770682047461321
3.5711661511109583
-2.6259558281790305
6.968486734801218
1.722902346552189
4.2382033658137175
0.471544651164038
9.0621460572346
1.1897690486608212
6.708735651136124
2.8873680242726323
0.8125287558147534
0.1808145229714455
3.187652868810403
3.941792241856149
7.863558671089066
4.005782525378095
1.9077812363161115
3.382133348663217
-2.486465681649804
4.248935152128752
5.559498106949064
7.5525776416277495
0.29428862422020075
9.114389644170615
1.944857405887717
5.75811137991974
7.849805550344911
4.176144762021636
1.0850032540504913
7.696354065027094
1.0496381129847805
2.285105782392691
-0.9392999156926294
6.095316486806837
1.9119395996975186
2.341633967365624
6.644548138804794
-1.046831052922812
1.9261553684427213
6.036625246130939
3.982110282809572
8.500384246407833
5.757519825657624
0.8163282977321842
9.79128964694911
8.465511042529016
2.6102220491064827
8.286676810911842
10.890058710637788
0.07599574166164302
0.0013991559766850514
10.796754199003743
2.6709679843639833
4.367740193779582
2.682950110741558
-2.30760189856602
4.999488798693335
1.0169290780806932
7.031783903339544
-0.15100050429566636
1.611023167299436
2.838829955080996
-0.37222289576061485
-2.9715161099437637
2.032419395960005
1.4756255264340439
9.731402730582204
5.744108823062334
5.883799297161772
1.3652329605389468
1.7145934294498488
3.130784452411831
0.8045029516032969
6.1030732880120695
0.2752662108049435
3.792682679446898
2.993416432730669
11.647398550402102
5.533210374428336
0.6608826935348588
-0.4660078126177041
1.1013129302438642
5.790074250389182
0.004698887355971237
-0.10988148364083372
4.269864738453009
1.5296949691259556
5.6017935551943765
9.01434718074745
1.4682422165491857
7.33795354623868
5.27014428075131
1.1781417107593484
-0.8048261766815585
6.311446102069624
5.867820376270515
0.12227011313319736
3.378952205562655
0.3231227682284157
6.28257940020444
4.943441510929858
7.396473428503384
3.163145156788687
5.081412531483011
1.4013480566894714
3.1162216799579596
9.039077817158898
10.734914160720223
1.6327493712777255
1.1138410301400086
5.106173695242262
4.503773233083848
-0.2315240145264852
1.3629145970448349
1.9953637543827654
7.388369128231375
1.5645949720545218
0.5965223704109803
11.124793308244165
-1.3823118149634865
9.764050572123466
2.347268019331011
2.2439563685912276
2.5974822996183775
5.2027582044285055
0.6183126212058596
2.5347852248908964
3.3688023941517713
-0.07274901950000867
2.1012590700829605
3.0723468349432324
-0.7927139767442668
2.3628810822593778
4.708704395240375
0.818575364019523
-1.790768249464918
0.4611073774750025
5.463280137822437
2.02345496437016
6.021092394885045
4.0975929263246655
3.577339864175201
1.7944413621741546
-2.69247770696154
-2.5812837636092922
3.4761333985443343
-1.4729781201311312
3.81914484688906
1.3655603196248478
1.3728897695905289
3.1839835625942214
-4.290583618505536
-0.08346918032481199
1.849272748647536
1.0943802247580265
0.5432186831739045
10.01322495922517
0.20684961390458056
1.9377381328783372
2.147215365688851
-0.44692846740127834
4.448653524983115
-4.273270779109396
6.774514768334711
4.08784353598503
0.4231796203910676
1.89398773975023
-1.2336142287881557
8.60864918845121
11.533642557691223
0.2347177248763046
4.024213814150585
6.13362431810998
3.367329529073345
3.959249858307402
-0.33528014536352657
-2.1203233464972584
2.5596362428287875
7.223444640283276
0.6928512195621579
1.8058180984592695
12.180031158040379
3.318734633243537
4.566772117447613
-4.068496323295847
-2.5392621255066388
-0.14584157412576815
6.00606597246599
8.228845854246686
4.653040788419219
1.2207018081095669
6.8419605846212335
3.9707702497020136
0.29885600763935827
0.1517565498226645
13.005686683273126
2.270042100119724
-1.6305368249071535
1.5776248083759583
-1.3563604980792547
3.278296742508246
1.4044734926556544
4.257709290961429
1.8576958681362044
7.002373469427596
-0.4274541333073216
2.97984990649843
3.276105854998036
5.023226460606679
-0.6240927800881764
3.2123203877232527
-0.33628459990507054
1.7265937268226708
10.393166045108387
-1.6736911548752573
3.8259520650687193
4.078263819465519
2.1719093422575497
1.7636202462352912
1.2434229757540152
-0.20270680163392285
7.071406953076973
3.0083352594357393
3.982831139579389
-0.8617716001935491
14.124194969199493
1.310515703733472
4.089344048443195
10.534298679846074
6.716537954915395
5.883936200320079
8.150935066543212
1.2150155857715959
7.339395053777594
3.2495841148127056
0.29386139547358425
5.546212337053134
3.07930871839676
3.7434778435873
9.32684293526728
5.100601206254851
10.813341370975877
3.359996847420632
0.11391248156519396
5.574618445037743
-0.5401918993397317
3.717145928905495
6.054931964318882
5.100538247636337
1.7229785091032
2.240186557017296
5.956669194222229
0.7942241647095329
1.6884131261379025
-1.3691098127921464
1.9353961329683216
11.197032180828216
7.0140092402240555
-0.7676336638833163
5.580592910847031
4.105664285098328
1.1047752455296518
3.706546693545647
0.460837087184359
3.8987813923960744
-0.5436706321587508
0.8497439670667859
6.148252208776
1.2465857195319927
5.1633356171329865
10.267378635975206
-0.2399378390547895
3.26388131875251
8.387653730076664
2.647666022369947
-0.24670106410752624
1.1829116554386019
6.446185634345397
1.4936059166375912
1.091093995593269
1.2073011057549365
2.9437869348649883
8.283702108682064
-0.08494222509477822
8.369083725731173
10.54777821031746
0.9951797885580049
1.589249006572686
0.46946395321810996
-0.25988882791233436
11.176136388191821
2.6285572516649154
0.5009114172253817
3.4449528479398737
3.273802728474095
3.626081325727057
-1.0420283406061799
7.246884504661011
5.060029053487426
3.9178463778522428
1.6111207420781852
2.0595197414437507
1.3616072418428757
-0.2978177018264887
6.451389420627692
0.07343417003085051
0.9016676701125448
4.644698583295394
-0.69836047613245
0.6043032276327267
-0.5755437497214757
9.71883252456604
3.232228870183235
1.4281828661468694
6.3596046285010175
0.6206040208728041
5.936775048509844
2.4634264818550378
6.425485221376846
1.4474793089197533
-0.4909282863765725
8.222124907483732
2.853790871740159
2.9143732893593324
1.3751204666864965
1.355222608189365
12.535208890163887
4.03298729534805
9.711519229925159
3.2253266376206398
0.9784431612502544
-0.2559548369526965
0.7723549077429652
7.124837701570669
0.2630315686207041
3.030959410789137
3.556025921091134
-0.7105834728325817
-1.1504438431419999
1.0307568622004624
1.2803276070949323
2.804002897487635
1.0032328524232526
2.8643670823585694
3.5798170588613516
4.064079069903471
5.248656828656408
7.385609555253893
3.2808723166111804
6.734858265260016
-4.3385318879770125
7.605369061730812
3.0643134428398184
0.378607458740305
3.466949368408507
1.8765320461012607
6.266733794805077
1.8418099326250967
5.5257018692321935
7.24952660532648
1.0741092445616118
4.1841887578022465
-0.7422353572209204
2.1648728576867597
6.121818284698179
1.6043279231661813
7.131154475570838
1.2408855443158018
-2.5247988678379443
3.0437513643760212
4.521312582319297
7.563176006418701
1.0048277276670206
15.027937520285121
3.287468981376719
15.132990867797758
4.719706480474201
-2.929056913586237
1.596860938311977
6.941791480856011
1.9994522508886234
1.3173253864941898
1.988221709164236
11.419724356302766
2.7423382519743313
-0.27079730251250567
6.256577703900007
2.8886566849951123
-0.38583560376497417
-0.9247784618121386
7.1609657747433175
6.957228701212728
11.515978342520782
-0.7574183610115028
7.049809470144794
10.331891234439695
6.012803642709173
4.824686916752455
3.779036584708223
-1.3354298836360385
2.515740451657962
2.3897570372190557
3.6638997288466157
4.028044442689577
0.28810207259948584
3.218537849319034
3.4039285487343136
2.5305398203679488
2.6656104547623727
2.5370724172479413
0.5004247983214896
4.040010257378356
2.000199317465558
2.2501008397150315
4.779059947168662
0.531456097101227
4.119317658825366
4.145283861059909
1.7194994008424942
0.23744875467212978
5.506281107763584
6.785937863736592
2.6163055321281945
1.8909538757475843
0.5148594292488724
7.9618095116549625
4.22911805173942
0.7825125479854478
3.1332516839138407
6.7393628640913334
0.01963664480973648
-0.42516614891167137
2.783091132743607
7.009907925728498
5.513812384847398
1.807180787416712
4.489316234742887
4.8552663422416344
4.164379652693242
0.9633947207730671
2.5667442574953725
-0.6545648292300257
2.7696815973064304
1.1148443135783168
2.750861082401798
6.411233681970117
12.052277026670765
4.64151276243274
6.050580423865938
3.223011284864583
-0.5190751393275264
2.647925914200698
0.17781825238466809
2.7200138217886547
5.549509368265262
3.536686938325431
5.111875678224692
9.128108690363604
1.4438701816608273
8.91818217483609
0.7257200710646998
5.976725788322767
3.586963372541277
5.879658534158068
0.101514856158758
1.4449392881632548
4.538387739960626
3.297555745448733
1.644574781272695
5.0121175378266685
8.896675305022853
5.732343344910987
4.031579045768638
0.9679939281899124
0.6343467443461464
6.173320012073532
-0.03156936591761905
4.691907999653324
6.612758734061856
5.121899663850968
1.8411004698604643
6.489868552551343
2.2761642086194342
8.526196532977792
2.6150130546270134
1.0769187967690073
2.7923312924571064
4.276367870719184
3.6850234007854397
4.634800633036775
6.759017400716402
2.0545124173853537
7.805860712536173
-1.2475918079821895
1.5341014816712004
0.2743767986361263
7.314019334109673
5.565177782735134
2.7647996691081858
9.732867056710575
-0.2849257636700031
-0.36587364481385976
4.002387748098158
2.9649544669620127
3.463171290573996
1.5797664882700815
4.482479984117276
7.706945245091248
6.249195149169935
2.6993766160614996
0.5745854500867154
3.1868657871221444
3.446218880183608
8.761002883671608
-0.407200834218429
3.8111639927654437
-1.2839901284067423
2.506778724606761
6.0802157524937
2.4436630525068495
5.9233244076147
3.109948198622078
-0.053814721786238806
1.612042738207606
4.328132754356716
2.5778696923707116
1.328282500874593
3.0454912276633195
2.544994798139328
-0.7136617097953604
1.218983045025709
1.4535049956074886
1.686814409763599
4.7965325952305875
8.57154668749547
2.8327607147471667
1.4862535173236893
3.2707335558462773
-1.012022156670696
0.6297327947128224
9.397733515058803
3.731463584474284
7.57657791421309
6.699893559435736
0.884544540294371
1.7875313143567269
0.5699737779050338
5.700790930325695
3.284783715973049
-1.6739343182360926
6.683205368921335
2.584925894462117
0.037282574215169006
-1.1943481587344422
6.746351975763162
0.6085923060023788
-0.2540550661620955
4.321411857867986
2.5955218615733884
5.680412604133835
3.362229564302254
2.9977759215292963
-0.11103844934700646
3.972236917975522
7.880932545265011
2.635170601737059
7.036906085396083
0.07295420948082665
-0.8494479408960842
6.518502019534253
2.5463193756811506
1.949546142971883
0.34780439094112126
3.2058933578483106
0.07448865060223397
0.15671116150880948
6.3255213210452155
2.2328624891018762
3.977097824182181
1.1544602342141843
8.851953002003825
10.912110235086345
3.8891994060045363
2.924304790895178
6.578288420049375
8.728711568167341
6.140493633501876
0.6662428275836874
1.1934138048173395
3.6783392943886497
8.668132393220901
6.795905323500051
8.836923847760175
6.115925356217076
-1.4267273783439123
13.4173139105298
-1.6862477542471765
3.0621400200598714
-0.018751575476983362
5.819045224009642
5.137435395418606
3.0351117805021204
3.1083603054616447
3.04377071499016
9.829142112009833
3.9440222977370922
1.0631193276514637
-0.6272223874702263
2.0004837549075205
4.046697560255382
6.796304573778599
2.49825789469881
4.333495966494297
0.8301376587893401
7.179114488822165
3.2555192948717604
1.307016083591293
2.1524086389426884
-2.4143941497304695
2.1943426393995082
3.9762216019361176
1.6839358778759106
1.5459531174517451
0.9513100112741881
2.904557218542095
3.997867322661534
3.5486600716141083
7.479547753044528
11.430645589981253
0.5998695653843242
-1.8496026205983185
6.2184707143770765
1.7717681749956
3.6231543723488926
-0.11956149545727612
4.326985303684978
5.5421019453451095
4.537048750538304
9.273963663387093
6.290585827207309
5.8205015182410875
3.261583427863286
1.0144430084151281
1.0210945477112432
-0.5813869947700141
1.916845677680783
5.055809489773708
0.42471067606606994
0.16325883109044526
6.708610429628834
14.428000962640311
10.031516736552703
0.1357313914935503
-0.3839979424665785
3.9033241657650137
2.591274382249594
6.007445000301516
1.3025387820811716
2.981750715784301
10.026213336973228
-0.5650688753033251
7.1154914218632825
0.6016049995974413
14.141778597548068
5.568237740200345
2.882186596224358
6.713036614553005
2.6642946650989074
5.334301390239489
8.015437122822163
2.6908396158161167
11.095209460180683
-0.6243328281303775
10.924041072640478
1.1730922270478459
4.831635299560844
0.2338426314387334
6.001660088552313
10.07249670019911
-0.6704581924066133
5.273176210470638
6.368721218858724
-0.1999421261208454
-1.4482974322700102
0.08492981282250867
-1.1195635022015722
6.190805421386756
-1.435455244038394
0.9414965631328869
1.3407516638634434
4.126030145153436
4.2248396334669
14.74368987396042
3.3597557382455534
5.253889918533105
5.219763194783809
-1.515581747784836
4.226767983865784
5.1816088340374336
3.548553647491758
4.737513348163191
2.7719629539608377
5.723673555194466
10.872620103867803
0.5853440630349382
10.508677651108997
2.9978932222049366
-2.552538323365127
5.31925598032322
7.15206005364206
2.0704079349550852
2.5694579331540126
0.26434546353453925
3.650628155096797
5.501867756018498
4.628643611077791
-0.31728588041505645
8.124757476071352
0.2615069534331269
0.21467594702289716
3.2548886961037624
4.957892294206829
7.997717717779693
0.9933924907868459
1.6768842325336095
4.326973706078974
3.4195150611944314
3.3308751799160063
9.939671247988883
-0.5774392642624093
4.168411639375847
6.97235928801075
4.088537539979143
2.841795713667352
-0.2201034318719053
0.4935550173952379
2.205059903108264
0.07874929039417111
5.615916878369234
0.9553304385924548
2.750273517474284
1.6407545511341937
1.2074086539559516
-2.5199184426471675
1.2015757127499853
4.315294655412686
3.041842419190857
1.8624788761709965
0.9949731049578645
-0.31507333745514643
-0.4732274177858926
14.179772104770848
4.056560860810293
0.01950528600536927
-2.5689921235596103
1.135562553099362
7.470248287436732
5.441954390361843
8.940610729562366
1.015384512004971
0.37895513149811677
5.534307130080094
9.284455094836517
3.6586845521680402
5.3753820657253755
2.673402520611944
7.071891225004265
-0.168307278686882
-0.42257250819437786
5.898163414609201
1.78782474058778
2.9388490623604184
0.06079882663959779
6.087348967177206
7.761168915712233
6.102096141925756
7.738548733605427
0.5446396075522557
-2.060689003168818
7.123872347159647
5.0821968826010675
12.745013080957392
4.750430283918774
2.5381586388616597
5.245333586068398
-1.4895790197876408
-1.3221377704330735
5.719583199983447
0.4371425487001659
-0.03936666415495438
0.0321680058885363
0.6463969389374142
10.80985441814741
1.5124735985369284
1.2314637361311043
-0.7141768607222048
6.703703443183599
-0.0944093448727017
10.051939762490179
-0.014776303470398489
-0.026406864566155264
0.12309737229065831
6.0740281148048325
5.616201851223366
5.770484712575467
-0.3860744254443489
2.083269819140071
4.538729617949286
1.9477158235484922
2.531062123790491
4.7442090689640395
6.057566738125672
2.5263600034293177
4.889440300348269
1.465899623142036
4.8325281214531515
1.0829510182368267
-0.03935540235812596
-1.66646909693128
1.5624941017396168
2.362117796968846
2.4081993568846656
3.808223020537298
3.4284709929509063
3.3508899934655005
5.051986212077452
0.5216608134849139
