2.8230165229981594
1.867494690418198
0.6916162719332988
0.7806198278831289
2.3627711361912134
3.7179243523230525
1.4109536992284575
1.9234673429687064
2.784143428586731
0.23212527452005816
0.5079452826619217
1.0063706861556057
3.565008792776325
-1.0636955824916186
0.4392510638776912
1.229247600913368
2.674256641390002
1.182063684140985
1.4500579574198582
0.18685603846552112
4.374730339973667
-0.5520375549497203
5.021809569098195
0.4922908611811181
2.846165948583348
-0.1020804490460705
2.225721962843636
-4.74908788216112
1.223313662909277
0.8694723572275507
-0.29551485817796674
7.071082649945083
-0.019050956683258846
1.795609750644644
2.8359042845106615
-0.33861810575626805
1.0284360964867574
0.8328384012525021
2.1983312930499324
0.5875262468255187
2.7859958412345804
0.6322358057088877
0.12815652716153636
1.6689589268785312
0.40874745588666883
0.3759563698151851
0.7156416024301961
2.998423718280492
2.5854271707848966
0.24868329513606113
-0.36019132258843456
-0.9537289544339274
-0.21938101896625994
0.0847526085269692
1.5850868919612822
-1.947379957174462
-0.5984878967042278
0.5676752521435446
0.10763803281292894
2.562082335680543
1.5561707947438208
-0.9588052131762197
3.2528984481368752
0.31723888035685377
0.7274909355780892
-3.054725765939793
2.387180215637045
-0.006654241968590213
1.7451431541658167
2.583714682380787
1.035779595886197
1.553712481730372
1.5010959802684738
1.8588361179638468
-0.087118540350275
0.41949882747076117
0.4753892790345162
2.7670331218639603
1.822908137111881
-0.15597884822386732
0.8987195993083787
0.04726308082831565
1.2097657320612143
-0.5260421299992686
1.922347605381674
2.149593372996833
0.2271829997328041
2.3914987024570564
0.7824014137306676
-0.6411923366995325
-0.7022340884582263
1.4023707390140316
2.1992896054568973
-1.3132925586676265
0.13981081640531556
-0.2684779688117942
1.1798458251328157
2.81358507926484
4.6630455234292185
-1.993123752874908
2.0696121033324744
0.15381853620829133
0.07056319453295146
2.8366350450746722
-0.5026678046501729
0.4585842664464508
0.5734944275764065
0.6712546100166037
5.529808797090709
1.0088118184851282
2.9271966573437567
2.521919757696878
0.07007512885752476
1.6725763724866738
1.7876080087853552
0.9709980945181087
1.7123680992597201
2.286204052036055
1.61761862809567
0.07677638024438238
0.5770167045084236
1.6351869867737605
1.793756107483432
0.7471868415466361
1.6003314632605452
1.4172063524902114
2.1878567652870515
1.1308649709344536
1.4885698120758661
1.450680610307927
0.19701153449932463
0.06251115300801757
1.3493053285289989
-0.6214398448814791
1.6357269449017622
4.159049352984994
2.3122022992295115
0.06422662275326729
3.2366225954701804
0.168911545822084
2.1158947772594274
2.4579696502976276
1.4230737677064553
0.6625938790466535
0.3653274928458359
2.2610756319727443
0.0404258686526191
1.2402868830849911
0.8071006731959187
0.49497811618607557
1.3931671241471122
0.5690632483249374
1.6489182618608993
1.2241557757790815
-0.4776519112342612
-1.0508965343635737
0.8391539084807391
2.3595425445405454
0.5504947860192715
1.4672612157210096
-1.3652160315320998
2.8283466776108526
2.423260259713061
0.597047576195564
0.13685061195201342
0.5653991363271871
-0.8408437957116348
1.0454792188129431
-1.0125327330463278
-0.5100925795031799
0.8314391237327072
2.329698178560193
2.518854722480228
-1.3272024076545677
-0.5740983186465201
1.2281822439076677
0.8102961411475462
0.16302739072966688
-0.5693439462022525
1.1079602277070535
0.8374905680291249
-0.26514529859900904
-0.05466080023620634
-3.0243478408044666
2.880160053933423
1.2397659393177491
3.1091082725060915
0.5424283856111742
-0.8543619801107525
0.9321375422243818
0.2641009195369861
1.3674326708405715
0.1350938062194018
4.202379089078477
1.3934920714320924
-0.1785968576518826
1.9757304223808205
4.884182827973518
-0.5559680881174245
4.078266210139873
0.1195638865735873
-0.5206664702006947
-0.07715177578984367
-0.59057600887445
-2.597574185507483
-1.3687332859944945
1.7432716989080745
-0.12262188469276225
0.7933332156126198
3.9662637041662947
1.259073709589984
-0.3152289122651837
0.7773243089920925
2.9755238509501396
-0.14822863816425524
0.6455016290510684
-0.427172840231151
0.246419886798094
-1.345412018760726
1.9457374329676895
3.74018543660668
1.064487898389416
2.8450842343045224
2.6433428713276044
1.4284402658011004
2.2623637133567627
0.869934750287257
0.6570322499756003
0.3907517222326078
2.261232770682682
0.1928368624317045
0.32290379787127677
0.2439436032643698
1.3675039528750403
0.20176463003099343
3.209676733536071
2.2705337174859324
2.6987542747183397
1.2129522791660747
0.6141582249738349
1.8903185374715576
-0.5171220807619648
0.8703139787878627
0.4200666426636417
0.1120068745547087
0.03145730265327984
-0.9664813412844069
2.2465219564862764
-0.013727718493100838
1.4086889306299781
1.8953752376814919
0.4011045696054225
2.451951795369496
0.8673051128771476
1.4667632038006104
0.4813682594215152
2.192726595113072
3.562355278453879
-0.5662765914685224
2.3624239998962366
1.3333902007580036
2.5015326055399782
1.438337514477098
-0.8889505576414649
2.047288584666603
1.3116856118742817
0.16533862156870782
0.8964484248356257
2.4775907725015713
-0.2596807233317122
2.1193848217126288
0.13467367192379243
0.42455808297063413
2.0838978630479232
4.813304101518497
3.2273142193025706
-0.6310896763493474
2.2174177355957454
0.8971011727892346
-0.36769690303890457
1.8019158796412285
-0.15630906548040002
2.598061889271321
0.07225171532741115
-0.6937696490783765
0.17645904753339892
1.4041909450347703
1.1098834753888696
0.7050718929481263
0.24287485409104193
3.1860808907208593
2.889201907029701
-0.048828439067847285
2.9110502715182065
0.1286632723395087
-0.6428282492965991
2.2160782173129974
0.6139581470640678
-0.9091376687092634
4.124986763457855
1.4263616927094063
1.5646074164562833
1.0034867167539687
-0.4990172296147648
0.574301348901372
0.6614454287043827
0.6920773596516483
-0.6555195026871843
2.0135678872811695
1.4257144436862745
1.350120141198886
-0.7789095938983337
1.6118613185578852
0.4152623468175989
0.3574728132432483
-1.0159963400139986
1.3123478535710547
-0.13127480419393578
2.3470683201869633
2.4784421462425144
0.8809899452751324
2.01656581562861
-0.14719489873482416
0.16151933777450722
2.682397468103545
1.2975590205369372
-0.6421605012219516
1.4194763816776685
0.8594394690726403
-0.28809111209056937
3.237597957090429
-1.70729801593302
0.3829735882327441
0.5021544737878685
-0.27273488102377996
2.816895333765615
-0.008650347648199386
0.041563930338725186
0.553484051945361
-1.008209609272626
1.5352395942168187
4.58841431353153
3.4415907027682806
4.512331049264276
0.5318045534713747
-2.887251126865067
-0.23321441900861828
-1.488258513413939
-1.3003699248220073
-0.16784613014897332
-1.8489070687958247
0.7932871319835613
1.4910464755316752
2.7069333923398062
-2.73998697361435
0.06928569029696519
1.1753494992090054
-0.5333588170515213
-0.12764207869122401
3.129429216190374
0.031036124524916886
1.3263052021861768
1.7352909579281004
0.22688405382450583
-0.09331759304814113
2.85972370207287
-0.21715693106671097
0.5938138213107322
3.689781593250018
1.666952409124633
1.9037409012587432
4.937623516607346
-0.08601439599829064
0.6637868169314061
3.13431110022384
2.8545474735985863
0.6422114134411459
0.4778287653662119
0.27783921420018487
1.0307796889881047
0.6290991008449964
0.33129861145289397
0.6665612919414343
1.3980499360259273
1.622528897633856
3.2221343520989194
-0.3343211447236172
2.4669454817994847
-1.4099196975962514
1.7843389106342329
-0.569472146127282
0.8383612316317794
-0.3624710374856477
3.0358141103588423
0.7254129883167479
0.5153400617055013
-1.888613447781836
0.03691937457529093
1.2189107094866358
-0.04030071442912231
3.8959443209789697
0.08593495842933407
0.5645600703157925
-0.3419385398724444
1.0969445699915923
2.1610503416407028
0.5671674085008362
0.9046800264220565
0.26605201036704784
0.733212642272747
3.1835444595817535
-1.1262980714589048
-0.8817785473938784
4.199995947021307
-0.19068046768506974
1.2566516416754894
-0.5792793017199074
-1.532701545170994
0.6118890706052298
4.410783381264537
1.1629968515630935
0.8891672959719017
2.229429515836955
0.43264306206083347
1.3838536039459086
0.47212977535696155
1.2208453179598564
1.7846921566572291
0.9032424966719645
2.5066305795403423
1.2222341348974624
-0.7119707234494399
0.3712499170585488
0.8979975272866341
0.39774233805519543
1.7866249185121887
2.871012915546089
0.3576623710230251
1.0134441770112517
1.4861974030602596
-0.9192712836713781
-0.5550952085091012
0.604921802714216
-1.767805541046755
2.9916689122310345
0.9630626058622056
2.3249803251194407
-0.527836662253776
-0.1262055204515491
3.5147862015357987
0.3864881296160547
2.9270422675444934
0.9657537294106078
1.5430492094387773
3.7010268377839566
-0.31052863167542455
0.9690481126376653
3.726745746218967
-0.6559065120616197
0.6645373273315727
0.7952129623120072
1.3854975215542709
1.6727704814563822
0.12145991283341573
0.7226909430535216
3.020833466421891
1.8257980334108197
0.9374423268743612
2.2371998326493667
0.053874121263106645
5.800399340758304
2.5931912814087354
0.9129356669120625
3.0934770899646082
-0.5767920123992099
0.7792399666564052
4.568356635187456
0.7197332062828536
1.3025626816959175
1.6983673968909443
2.3753494673599107
0.02012523154212431
-1.2233713361881655
0.38224429288447936
2.6601450701055
2.332719807964395
-0.024121267856799022
-0.6216505327151935
-0.21474425739916114
0.9348615772014455
1.2560747604350126
2.803393649516238
0.2133349815060228
-0.18601509383643133
4.937065684852769
2.4899456844989345
2.8745040079506907
1.2198668901544352
-0.19420927288865641
0.6468513878871818
2.658839973078102
2.6630913468966355
1.1379074621570453
0.22977216056233374
1.0718992090965003
0.06306003287568274
-0.016994112622342072
0.9134528501742807
-0.38043418039274
-0.20294402790977983
0.3284142313493703
-1.9395052710442542
1.3431122583840533
3.075010875480075
2.1372485989847974
1.934127163064204
-0.2107099594745705
1.1284460024494365
-0.8169908019926879
0.7369034400683177
0.2029914426459527
3.5202939886535205
1.060994302241852
1.863030003488575
1.0340162597117342
-2.037772873228505
-0.6878089860117598
0.015180733386841894
1.1122137389897944
-1.6828557098942838
-0.4705904171569273
0.5008828036538944
2.3456411242311788
0.39129707318852525
1.5651830388978851
1.2558931632304393
1.499378188342007
0.4075355815987223
3.1532780087927677
-0.37687827759918946
1.005500749336079
1.1442619511990415
0.24466143739641666
2.1480584048636047
-0.8245975996144352
0.9449907840880769
0.4377176921263981
0.40118912841899146
3.900548786137506
0.9010690615950807
2.3243618798903753
2.1180270160084547
0.9407274350223815
-0.6355642750618244
2.5053115645207527
1.5338763175752774
0.2643753657714569
1.4891347991151633
4.165340981402551
-0.3752089121769586
0.7017268280637836
1.0687585220894107
0.7037099644833233
1.465229572086173
-0.8831029685079557
1.5926957353581201
4.193643004117575
0.4709364547070436
2.4533665738258605
-0.3462557201787604
-0.06710228322822331
0.4353162567247182
0.5644438466138126
-0.7495463269499396
0.642412280942608
-0.5259562958194692
-0.07910657660477227
-0.5481986949102975
4.399835400968641
3.0212950595732764
0.5660056666476976
1.306102006006995
0.9825660331241579
4.283840655287349
0.9516624087818855
2.3885125144418
0.1642099821353895
2.5791482829686174
1.4359975221764216
0.07093045941996934
2.085409603087328
1.1220832618939767
0.5079821129677384
1.3805964338048398
4.463089508336452
2.395079626009192
2.7408230558075957
1.3677822866191036
1.0576102119591724
1.1234973407310918
-0.07607106457089685
-0.32749536776691457
-0.5315535697682208
2.902764417791559
4.121710448878048
-0.4888254633260658
1.218141149634448
-1.9163238674582317
0.19914301066091866
3.105939979818686
-0.3586563651126653
0.7422214432924648
-0.199551514149789
2.025806088554191
0.18706475515114107
-0.034899261732789455
1.1408511469819587
4.177909960663328
3.1045033227414933
0.34675405204416165
4.413822520537224
2.4046597567360095
3.3905056933333526
0.2536193540513523
0.37481565957273233
1.7092857427142008
0.6657482459856965
1.4185738973128537
1.9164342196452253
0.11628291420583992
-0.34302812928899584
0.5002508546970148
-0.316916980152655
2.7619996427720253
-1.0850931908630628
1.8710980642151753
0.21086011129455073
4.026516311583919
-0.38014463146168964
0.5208313039229324
6.155847658274979
2.08819593362864
0.4140626654798325
2.479071208407504
0.26379978589352504
0.9445327436330899
-0.8196743497283023
-0.39241830677883627
1.3273565141882955
0.4725103195255542
2.341437706402985
3.0858159705628623
-0.42918136470188983
4.47396654577642
1.1618527113057553
0.2524575777663358
4.028660433516052
2.086590066471217
4.128566858861632
0.7742834687242066
5.201994094784368
-0.7228621536994524
2.8526990744801424
-0.036055951458820346
0.09924085992361142
-0.5735163416197793
0.3898456205772618
2.7697518327861417
0.901944831585979
-0.9454052846249397
5.569162400634923
-0.4049442131863543
2.3596583200990153
4.379427732103977
-0.17702872407744508
2.2677893439233685
1.8451387432899082
1.1113872119478856
-1.3276699893785917
-0.005838370058881992
1.3947948411014295
-1.262514257538328
-1.6132715154285506
0.27213559471488225
1.490186242736172
-0.02207157140810523
-1.5467518603425106
0.001598173353158927
0.9474509681931522
-0.039854397407225406
1.109770852933707
1.5386949146911775
-0.20509045903054357
2.723325010583949
0.5523423198378623
2.147547470467998
2.1136846008646444
-0.5090234546446482
0.7222496383833459
-0.19993159118348558
-0.12936291079677176
1.7783371585012446
3.356666725268269
1.068541992710152
0.790033646883785
-1.3491803885408444
2.684648275615018
2.1262011139517654
1.3261637822365628
0.10927702187200339
2.051086797759581
3.654744907682243
0.7511952726279105
0.029155187631886292
-0.09993769385118867
2.7065663423354636
2.0482071167914455
1.2680005620338761
-1.0608077890183267
1.246869493190161
-0.9038283107688585
-0.10362620312457693
4.366671196515199
-0.0460543067740673
-0.6890288180579773
0.8422862107559013
2.176899305450206
0.8586795990636347
1.50984415072503
-0.5276363177292751
1.0343806107823639
0.23345121678812575
1.117268249718336
1.4388185908278501
0.291846435716252
1.8574929784383585
0.3929062790568878
2.6697982218604466
3.599810761519848
4.531404032823502
2.2170817500245903
6.293481995030334
-1.1098714930917595
-0.053941543727660246
0.7987052988187315
0.4201037338907554
0.1613238243660362
1.7289841967137818
-0.20552822739455223
0.033745751691412806
3.9540987053637764
0.04567994823196386
-0.8188955296136555
0.1674940661855544
4.043757544989603
4.110665969340516
1.3839987769338222
3.0536314709831913
0.813317054909021
1.481810142942095
1.0950970663591306
2.5863680797208417
0.47056512774429393
2.142384782495583
-0.5094930438590382
-0.5680437953476485
-0.3201998398287742
-0.7970698330377672
0.49970264064086223
0.5949097959162373
0.29721077471049284
-0.5691526398879887
-0.03462927500436308
0.29448154105170943
3.7869528725668715
-0.6953778688005059
3.084966752581977
3.0530454485183327
1.5050576883309077
0.1008560914519876
0.5698201559375775
-0.48673011759683504
0.5780550275353562
0.7406614674714547
-0.5018501698239106
1.3888660830928075
-0.18452977753327104
1.6318815512365745
2.261267785363998
2.0146117346860137
2.2803040124281324
-0.42291282629435045
5.444439391322703
0.15992103325720564
1.2654333941200093
4.751658178218804
0.8695636675092828
-0.2510759320064153
-0.2573720886202864
4.656192088955777
1.327829316592215
3.7856156617674515
1.7183887434348435
0.25252438229335894
-0.529594309076856
-0.3776622381992638
0.2803986053393146
1.8628694528936194
-0.7293018525967909
0.689694737529635
-0.7816720076057209
-0.005564716901290012
3.08418169711922
0.25527877404965693
0.5233872528872325
1.7700911990195891
0.29323453418510326
1.4301591982887203
0.796654555821533
0.17525918194064616
7.0771573459273895
0.8779273672869294
4.069412440255292
2.8283816111550095
-0.10693201034018784
-0.1836041199239844
0.24550729898328427
4.966997893597409
-1.0601943755291359
1.9571236201641113
1.3452331516521099
0.5571404171582799
-0.11682082043489572
-0.2192754014949969
2.183387947151232
0.3320282472850522
4.871794548501384
-0.39584605876098067
2.8534947061737057
-0.6923723349427746
1.2874020882416062
-0.47413415513324253
0.2946270342954449
0.3869989991617331
1.1046385653887683
0.9570646582901645
1.8154476464706022
1.9033503341313462
0.8512151619677297
2.415912292765597
-1.9588656239241118
1.6817664022194094
3.1796745220788125
0.35689635822973287
0.6744346796110676
1.7939002360128598
-0.00823091580741675
-0.152549387802992
2.6395255876645933
1.9512421881888713
-0.2524990747169795
-0.35123363493494253
0.954718385736669
-0.8673452811995048
1.5812631824312575
-0.16243911565970848
-1.404323115508305
0.46484734365139957
0.28740109331488384
-0.2036472827023772
-0.13653244019633348
3.2993207704523684
3.911331427327923
-0.13021859133709768
1.482173180079144
0.48703948577599476
0.6042224347768297
0.302030841130545
-0.8763387861417868
-0.1501421355965249
0.8972742990617917
0.2663926266011458
0.5622858713243204
-0.22759810215211473
3.7501729744103613
0.6787855917841625
2.4796784034888333
-0.2359246343094128
0.9640081709692367
-0.4292044363733112
3.2316377067234043
1.308385062366824
-0.30741011267537033
1.5995252256511776
-0.26863869388762396
0.40085892491151753
1.3778799909973714
0.3641043560385242
0.8039079500288153
0.4436996600593375
1.2572588749642364
0.461224887622393
1.8354875045788503
2.275511573432368
-0.18759909656728269
0.33649951449478976
0.7546845217764258
-2.9505743742176946
0.13960613798849408
-0.0621499255460094
1.603344890332437
-0.7741968324910431
-0.24886718189031853
1.019457856836425
0.1410904649112581
0.4293638681210723
4.6918957619204775
1.3597511115883663
-0.6431028975925983
4.567044597201857
0.6846422675821486
-0.17210431603734833
0.49737218113477866
0.41086629096639626
1.4103325933519955
4.2717793378533315
-0.0024797247988317395
3.1137573862695263
-0.38638987158674354
5.261138658811888
-0.21330656505915613
-3.1440605466414127
-1.2713239475322098
-0.5512469127875192
1.8839130933865817
0.8391925103182984
-0.7837405752156883
1.2544455494266913
0.55590650205977
1.504762945539369
1.3438504991747777
0.010440407902251536
-0.19550743532113302
0.5502710390346692
2.008403966012338
1.0909958584347805
0.3823825477245464
0.2468394313357294
-0.21830884160522146
0.17110169245370344
2.3647766499047975
3.531701777880471
-0.2774560456336985
0.1492423217976011
0.23760938467012238
0.18944205304728712
0.4661357666004733
2.8536327171716493
-0.13830904714245662
1.1712360266697033
1.1325384915669474
2.0165413681263544
0.48866089432999615
0.319814807074863
1.551490136497705
-0.3488757202940178
-0.16483105617794536
1.055388933522181
-0.7586389533676083
2.1865235948116606
1.2526441420347965
0.7621575158877931
1.9737521835943426
3.0070261905209463
-1.612959992002061
0.3322307826404085
2.7951325145882038
-1.485607469586057
0.18983010104261666
-0.19349295476035877
0.326663736700084
5.331826503705315
3.3415161774237276
3.34358444444797
-0.054466554588316285
0.14118393651187944
2.6286525070502194
-0.5033467727255356
0.041974521095198725
-0.15788955618108957
1.956579387438751
0.9809543261287672
2.1555987634592384
-2.546299502402462
2.930194602625079
0.8108487106728717
3.295741548201704
0.6242294768974261
3.598238135849215
0.10588357073220322
