1.257083325857593
2.45686047699337
-0.29297586144105026
-0.1739838137755214
1.7870959669938884
0.7249027491958486
0.23811694082547774
0.8236356656337875
-0.35020710741207495
0.20136862212450524
0.5704644671585584
0.5002359183444014
0.9334019826656004
0.3452238258790885
2.844820032457335
0.2896834210820316
-0.1647599927734973
1.636816401737292
2.1127007557964816
0.9692449317399223
0.1326791884191607
0.26900237338838906
0.4623884215278622
2.3044072395555304
0.5562823206140592
1.004379138011359
0.27849388251763685
1.3092878864362092
5.290621638165646
0.9977617599128052
-0.5607226445008564
0.37350342240517875
0.697797272515686
0.02495356383417402
4.054191605322103
-2.062973509876656
1.3502399173970616
-0.5152897344886469
1.933892475121354
2.099579989516542
1.641181697148454
0.19169025951680396
1.9742875328962555
1.0528700770379373
0.838337441904855
3.437822551410477
1.1676000463704668
-0.28517555830404717
-0.3868983784707325
1.2373139204316885
-0.20732486793241378
1.6496244139821101
0.941037229291851
4.6073350957996695
0.4569066413080236
3.8493689353811646
0.28383476169449295
0.6859786369276435
0.5245210836872047
0.4262744983331004
2.444002875007982
0.583524536139862
3.399789063831008
-0.39974110568959986
-0.3215239178430238
0.37738207337736185
6.791300398279304
0.11253958875124681
0.8979020224827536
0.12735222251171763
1.3585252488530841
1.303644454810069
2.7307751787926122
-0.09639817123024841
1.088903346202983
0.6084061221102957
0.07372617160251593
-1.5784874225273597
-0.3458776414239537
-0.3156603023120397
-0.8319367706619687
-3.044239100452387
1.425090269844418
0.7848910327635394
1.3465551016857944
1.2006775505303722
3.0514733183098883
1.0595470568340488
2.506819945809184
-1.096429736051391
-0.14914081788322164
0.9372499154889056
0.7085765432640301
0.7997144109220926
1.6868286121119809
2.9132639166231797
-0.44963757031723617
0.7630909567817525
1.8766947452796217
0.6063057337453301
0.9880366933520008
0.782235750576433
0.41865472023300754
-0.22502350085540002
-0.030762635788278203
2.3866512289590673
2.1496862947145132
1.3434036545763774
-1.9963107841230112
-0.05771825105910011
2.46960855899664
0.7786646760192752
2.6905412362394827
-1.3865478048985551
1.6292792034522563
2.9875364625965517
0.7970449037044318
-1.0490180395008792
0.2532100077155519
2.8586092358184487
0.8672053332102223
2.0111459222399617
3.167435534626634
1.2745563752599764
-0.008039698843845144
0.47928655779071505
4.622540151395015
2.5422375451964854
0.3748249609299137
1.353744069373306
-1.8572831154839378
0.2877031595750168
-1.4269363906486205
3.566085283531777
-1.0610031129754134
-0.21849785567178515
0.11275305690412551
0.95598982766478
0.002908649114488071
2.6480998855987536
-2.917797832520364
0.5584869976536311
-0.7147254074725424
0.6803525935365542
2.7212628780940804
0.16024201976688346
0.9606760376971124
0.3653757416918779
1.1545728142451708
0.5469725321178203
2.1050518982126505
3.0392875184244303
2.333953770055473
3.5002276326392803
0.15647499002949417
0.9036954304785922
-0.014799531681205735
-0.20261092957673554
-0.36743001030913547
2.169699566515078
-1.794864352199454
-1.4899192440752813
5.31182583817656
0.8189906979853276
0.4536413309190266
1.3245536916424498
0.902230471216626
0.3423592332902672
-0.9599213244792963
-0.16333529184532836
1.303676023435571
2.027238956050155
-0.208499000020538
3.8476290030987457
0.7046207038496277
-0.2928840372811692
2.356722117691902
0.38113922396212274
-0.13377724073950503
-0.31428599344769736
0.014006192438841936
0.5878189096383721
4.587878870461452
0.7441778053465669
0.9717741961601405
1.1860472329434515
0.10943511776304149
0.327645352365721
1.1585537880431502
0.4551290089474378
-1.5620604507863618
-0.05009199250787333
3.1257299260417994
0.11317551335400822
1.9294576387189863
2.8873238656444755
2.1665892513341305
3.3336086688217392
2.44226649598653
0.21588479101467328
0.6314126391158084
0.11641359020245545
1.8697894376026625
0.13956936733814018
-0.12673263541182678
3.422169267298159
0.5899140834468426
1.7764426049770918
3.7159251555202673
0.30459930966947013
2.3620794360559785
1.0792042239296507
0.7263815905808997
1.9400905861740512
2.204700101524395
1.6973376500799304
0.6894498750077673
0.7522018013099796
3.090561129347634
0.4997815498709315
1.9757305857393703
2.284908643820472
1.1586228624315709
0.4191566410594305
2.1441996154942444
0.07584055177210303
-0.46174858337684554
0.28230536860723987
-0.7322107917822223
-2.6942437879457657
0.8080396600288395
0.8775016885507512
3.3112125398823764
-0.3319844265630536
-0.3519228131606269
1.8095580340271908
3.3042314539611652
0.8837450951148185
0.8494745453219821
-0.06479343224168588
-0.06732118176796575
1.461302306010225
0.695737794692036
0.5290345798101725
0.9232176012346827
0.7858347407038764
0.8002838374047201
1.1076990825649773
2.100451201493172
0.3013925249077829
0.35943938236778195
0.8159328979521661
3.908375935595984
7.165190434132228
2.7520377957471283
-0.305408502322166
-0.0926820552093659
0.5087592081887351
-0.3350795125276136
2.5154084541899238
-0.06304310574603278
0.30601056157479434
2.7227882521923448
0.31110999952204565
-0.691587942248816
2.539766540476535
0.1102312319834482
0.24907854201933333
1.874676491701166
2.1512007882632815
0.7768328211142261
3.8472885362635907
-0.2487350385879381
3.5826123182458787
0.557437097221964
0.24696510638807467
2.7529328405993283
0.025204950717011343
-0.4958531802143398
-0.7741973609117849
-0.3027347174913757
0.46617012020976745
0.7107083588546175
4.281073691071413
-0.9738991910254526
0.11272710643606842
0.6253155567533781
3.5659375816231886
-2.5936641846774364
0.8482873183680795
1.6935815357729211
-0.9759694837165398
0.6041970377190182
1.7237255318351572
0.4473576731131743
-0.10989251141609202
2.6010083351011417
-0.20634643465064073
0.31569554384486764
0.4210674732281632
-0.3422143221056331
1.0453069237639738
-1.1182488090089464
-0.6152647544862475
1.6947531325782847
6.068930322750987
1.159694370419345
0.0064515190604197414
2.7509259395663435
1.5409106893539501
3.810562541927027
2.5762336239049546
1.636681366717653
1.1425332274532138
-0.20424855314092838
2.468252310376556
0.7111519978021761
1.710479706159731
2.4072995654966007
0.11892999250767389
2.8987427703936532
-0.20036899444232859
0.21408323825949083
1.3490173636098461
0.22417311487799907
4.555878639419802
2.424728754779494
0.5737903369871447
-0.7707417767102243
1.1466260355374516
1.4592134680935942
-0.9758405337765907
1.1971116629557628
0.7599276509495212
-0.18593097994630625
-0.1952433383449943
-0.3377019070476308
1.9891462104367292
2.7102649465248305
8.274618335235573e-05
-0.33060068333509207
3.4794881366744903
-4.015965242328207
0.18361474350865592
0.24753729243684575
1.7960392473747788
0.049623690925386654
1.173140913759653
2.0139458374333117
0.7071571945997448
3.6332850693792125
3.6175735588866473
0.5579176109549735
-0.7396724353311583
0.214870718534371
2.654401652897036
-0.3493244503015376
0.08290836368507826
2.3460277034383807
-0.27577097316736854
0.8072592854757659
2.0307119528587236
3.029409209289838
-0.9241341469403324
2.2737667986151564
-0.7217608006266119
-1.1940837237409596
1.277155051767295
0.44805083091523557
1.4709819028360016
0.23901471331532775
0.35220212934046913
-0.23537275727107954
-0.14306993843035798
1.2165367966555323
0.3437445780663211
0.39665160980109704
0.2936020435845421
-0.2988622380595416
0.28234584850304145
2.2099400563913605
-0.20576693550799519
-0.23525112758431987
-0.21983254043129818
-0.05064513356353473
-0.9131331894819823
4.307203460985079
2.459555787072304
1.2035006600309544
1.7007165968822164
0.3091133817674745
3.622128531878957
3.2307086500828746
-1.1985098247458836
2.1707213535182746
-1.2884158964967583
3.3823987647584772
1.699636058401552
-0.08692492569309707
2.158156698697894
0.25034253400224316
2.045068397584828
-0.3429370295493186
-0.19699943853072455
-0.4710141918592399
0.46005928028409926
1.4347473214509137
-0.9658653608887562
2.3867300152343773
3.011240160317243
2.5256764082785708
0.06590534043186835
3.862660618098289
-0.15499839206813704
0.807359613646554
2.818602057718749
-1.8211563895749805
5.556280890662833
1.4614462544071785
1.837180092471499
2.4067289616517655
1.1250903324500996
0.5384512935080465
1.2184434357970986
1.4671238761292216
-0.07362477219396624
-1.7006748951890813
-0.7674478190779155
0.09423347121798997
0.522783012317177
0.8839130191890945
0.1828222768571095
-0.2924584094896545
1.4248432401006994
1.9911232328075812
0.9536430976154406
-0.38844295614410385
-0.6732338575928907
0.6693682792994196
1.609351045426024
-0.5243983357179332
3.8040477428938857
-0.07891110252035105
0.9781455221049669
1.6859816511583858
1.3521499681203295
5.872826324046457
1.8050961042150107
-0.812488801776567
2.6505172350449584
0.6916717314622929
-0.9283065285532075
0.1867582425653609
1.5422363875835572
-0.5683401317230619
-0.06063655413072411
1.548629860309461
-1.1433258437253926
2.0976050013628083
2.2754427434188074
2.6461234653435213
2.276170655066153
-0.8516270570165716
2.1115349654469355
-1.0841300654470842
0.6361833755572661
0.11359605022153119
0.6559490854136243
-0.5971625901889865
1.8773388377375113
-0.024066534905841763
0.7787865718547664
1.564099530440501
0.11067380397810211
0.8502733198398573
0.9423925259729913
-0.02697227007308811
-0.2535286713336973
0.2109389555884036
4.166107218172954
4.315078952964143
-0.0842931861229772
1.3509087367459642
0.9653774296568827
-0.4431352962000119
0.9202098562368519
0.6475294009667323
1.0339530261086338
3.735290278730133
-0.5870856437782095
1.6553880504409335
0.8191766385762094
2.06132819673536
2.421777589656358
0.5672009712010322
-0.6908522058723747
0.03748752096191765
1.3712951574126464
0.049513290571212565
-2.6610791890309997
0.09657108743454046
1.6301578887326968
0.29742032288629616
0.8842479235165683
-0.08473592597886181
1.8280182929976263
1.8140922730003695
-1.1963066102571247
2.481132958411422
-1.489953964701499
1.3532530151969695
-1.0306676236145904
0.20701272408621207
3.073717422105233
2.3487894154538367
1.931493632490401
0.9655949713131804
0.6597567130670541
0.4315681001285725
0.30230706317217937
3.0115331689786444
-0.8526547234706641
3.579901312392849
1.4761714951901013
3.03097384464553
-0.199303242801534
1.3250725482843109
2.0853273201657885
0.2488739134628304
3.6764864078842834
0.35774305269387696
1.0996470633041326
0.40624125155829915
-0.234233599045524
1.1623891366918997
3.5738866324263654
0.6287454505282994
1.3104510480243334
1.8648060498327368
0.6128715379111327
-0.2053604946855785
2.5582283085404924
4.307332538960054
0.4117085980270758
2.393525969135453
4.566137983790554
-1.2502112133267929
1.269844731961598
2.9469483195593966
1.074844552375339
-0.5798214430099051
-1.2787759776138046
3.4309556422876994
1.9008997742697602
0.6652229017048512
1.6949828174285813
2.6977633265298664
-0.10106888959580829
4.341621123749405
-1.2548202619328777
-1.3947542967880509
0.2840727805896677
3.2478820085825078
-0.16999606438685078
-0.1437821753887647
0.9696613906980929
3.123402492814648
2.1166401711267326
0.5122506022171365
1.9146617633595042
-0.032896493110797564
0.4700880160919496
-0.8602626119244405
1.102368468853797
3.9372784816928856
0.5422459052234672
1.5246543573097142
1.4851446916973146
0.06633286507053526
1.610796069144726
2.503231826081617
2.9840913535604727
-0.5852861861021665
-0.09209371035558434
-0.5292293861665485
1.532693842150593
0.7304076627873428
2.862508718361198
3.201445495423741
-0.16392899732579735
1.1644459763742816
0.749884535672777
-0.9469116973949667
0.07335826308076321
2.1007819971962363
0.8400610107537432
-0.23734949008712647
1.3400609533754277
0.6589284106181026
1.1890260049318044
1.3614053332796061
-0.15651971980662438
0.7487914809304357
-0.16461778413838601
-1.2522065294613185
-0.4058935401242252
0.018905618415374192
3.0530163555560534
0.8090720385461054
-0.10178764966656217
3.0925255734970847
0.18708815858781236
-0.3312809714861942
2.5606567077354043
1.1235218254767005
0.7556729679099021
1.6389385032769042
1.6706511252274368
1.4730173678508436
3.672748626885891
-0.2979497223600447
-0.441317224025795
0.6144362659275657
5.64089424490686
1.5590366742213746
2.2710876669325444
2.492104985337278
3.6794239223909813
1.0587124825740375
2.0571058938375018
0.24994171947162158
2.1934886605334327
-0.6310111543675703
1.53678348805704
-0.1201479570391939
1.5333723093946219
-0.04675216320333675
0.12281528421061694
0.9349581476982394
2.79804333924875
2.7954594521659146
0.19659616687556536
1.4687859271966772
-0.4212121288584285
-0.2858828299126799
-0.5129186702018842
1.882327016528734
-1.1092107238288236
4.257995876917221
1.9827442770817925
2.3534315636305223
0.6383938883706151
3.096500144429683
0.7585709865558101
0.8497918686863386
1.9869361423239411
2.3636504611705504
1.1633235901807666
0.603129477428979
1.9758056534805064
4.217803781032956
1.261723771007155
3.2582979386852458
1.0277284793568242
1.893102170811801
-4.412318785207276
0.03381620140760333
0.19505572328500875
2.9081424823438056
2.3972970994334446
0.7897765619753727
-0.09368822548708522
0.8225734514235228
1.5240465108254284
-2.2021137958771533
1.980619609405153
4.559146998726646
-0.8127354441489842
0.34715092578187523
1.133213550467076
1.642328001745966
0.2622818631732571
3.2004710364313382
1.6477674117655852
0.5003925323632075
0.1756470401957131
-0.355318476989396
1.0926142392834208
-0.0020419163373617266
4.326165781270106
5.559163758640068
0.05472994392880537
1.0362984070942503
2.418347798661216
1.2749431849154007
-0.5937104575015155
3.2693221421668
1.3024654852438289
2.6090842420500167
-0.024861469160327943
0.6156843552746523
2.868757271602476
4.0947798666472295
-0.5886414841323813
0.7838786287223911
1.8201685418842999
0.09604562625816015
0.22438703842840368
-1.2494496127054617
2.728860221407899
2.035124778344425
0.43786337393191843
0.6177404618107403
-0.6441949272249303
-0.17888197491924984
0.3576372199987645
0.2556793953832539
-1.7371031591674182
2.527491424311677
-0.7572119974562384
2.641866844453716
0.6647503681853095
0.29151177902690506
0.7719476524839592
0.8500011656021798
3.1350983719501073
0.22053433642486198
1.629342402323232
1.1660173748147145
1.9488911646282645
-0.09637800368329863
3.262590111252962
2.61671017772278
1.8825645138281288
0.5890209920431744
0.43358659698753854
2.345354435631748
2.5455683702845704
1.5981532649627752
0.27200690696645324
0.7889792467780126
-0.04150549357404998
1.4893109620280711
-0.14483888171957915
1.6664469307253285
1.8122270375388325
1.5196066416802978
1.6738046082716664
0.8180468681699722
0.6179935115602575
-0.2547818757972209
1.1506757364872442
-1.1142923607246757
1.4481330400412844
-0.883568853622478
3.231843813671105
-0.1103929982647287
0.8588371862749682
0.21115773460758192
-0.341578703039886
0.8241660116843832
2.3214249576479347
0.053817324223473406
0.5072643466447175
1.5308557704547638
5.276490895856
0.8943937002582061
-0.9167781556287764
-0.6224487435271158
0.7820417438168761
0.40858626842668855
0.027749607750934047
0.8488454809762516
0.4947457323997355
1.17485723261143
0.6204633161090669
0.13375203972077543
3.471497787114913
4.648694578196455
2.61180664111248
0.7130451026583842
0.779859422131949
1.4697338096078738
3.6144013438813545
0.43933553126441893
0.07633860464125064
-0.2583906038250916
2.997041662675315
1.727159189194822
1.667751442745839
1.6304467565612413
0.7375274652775943
1.3353129427326849
-0.5183141513384726
2.107763398930672
4.607894187602653
3.3544120757449036
2.9449162449670325
1.2262283319142853
0.5962183109288617
2.5334836098555797
-0.511260432527024
0.8381689094712783
0.4274509826547046
0.9206387890563974
0.04080259574084266
2.342455033537135
0.28745951998348573
-0.8697347654428995
2.638774635071627
0.5426202546698278
0.8235699129038494
2.9587906351530933
-0.20819877132714737
0.6555147659310023
1.3093383554110005
0.35432752294121883
2.911942325852692
0.10513395384452906
1.5501095845565942
3.2948076483151
4.612984929093614
0.9596102055908204
0.2089475322184171
0.4195194429782987
-0.8256570459047907
2.660700037366496
0.9514318831126047
0.1285849386172231
0.4367141670880983
-0.24655024070125364
-0.41531126931590734
0.21497876847331554
2.7089160958965977
0.3538879951038325
-0.25151587639982154
2.3135856227189606
1.866730258491316
0.8834409485991728
1.0094831513819145
2.274282509813588
0.03749873798790304
0.29026206280354927
1.086153309377437
0.4516135493723823
2.74310411873455
2.398004881154179
-0.8818245665647737
3.7016863998845793
-0.06746072018768245
6.810301308027135
-0.4282953606424371
3.3302162981972288
1.6997458020101703
0.22997213441101394
3.4282542430416356
1.5073769875865537
-1.283669792222213
2.1095525764100103
-0.3090775199896143
-0.2984966756112044
1.179601190833182
0.311943546038151
-0.08949591184659766
0.9632077596901354
-0.46254044964359764
0.48560266735842106
3.455300332417721
2.544834086805338
-0.025899607740711872
0.4777215313607712
3.317359058319653
3.231562835289651
2.768185098384947
2.5331374074080486
2.48784617006703
0.3157633321409321
1.5223380114971974
1.9097658606500545
-1.6325711038856525
0.15562358082661376
1.4802873096459166
2.8119749969450822
2.35214285431897
0.6613129376324878
0.25511860582048485
1.6322614653662413
0.21855719938275797
3.123056691533691
0.1225562608706241
1.5322632858238876
-0.25602907981703993
3.298420676331432
1.6888049822110816
0.6256931189517445
2.4727349506845258
3.226159371874644
1.6609027639985925
3.6366781251883253
0.39148400254919125
0.3035368794238593
-1.7597279783457225
-2.3357443977523644
4.239693058819398
0.9194082815657794
-0.3474846818331798
4.586897570581584
2.533656163134424
-1.2060762115298758
0.48675874432012733
3.098007974261236
0.20853388195939715
0.15269280266284113
0.3337364208597364
0.6068728750182117
-0.5465853998719012
0.25501390289878145
2.349183097854393
1.8031444553658957
0.02106981644408279
3.0351257670824907
-0.12043237800673978
-0.45793254240095393
0.470681544472086
-0.2205597409870279
2.5783659959114402
3.6330483762471317
-0.6927678729562103
1.1980063703113046
-0.7745109516985167
1.2395189671352682
-0.1266967958100622
0.07334347655626061
-0.16979400225091013
-0.2237010190743831
-0.40981857739359384
0.3428100719442
-0.5541676695389697
-1.0648926149040676
1.2161241332222517
0.6014260214834621
0.6134321025791678
0.2051720704315585
-0.006391298645439747
-0.20778649808926275
0.23423242190938254
-0.03824891674287301
-0.2257893810992755
0.6018281012735542
-0.8030459096680715
0.16088854180679846
-0.4683964171850903
-0.7604970873411503
2.5660971594841158
2.9914833014049123
0.5120004466233468
2.009217447547485
2.1144495388504083
1.3414499662806065
1.5464157939870802
-0.07450874496271354
2.355131750911255
0.5522110849340152
-0.35549833227503314
4.072144285093771
-0.21384856597046564
0.4151681556999165
1.6559184658684671
0.565941140199925
-0.32304394368748035
0.43627883505757836
-0.764097247750783
5.047321420637559
0.475823734804635
0.4004600816530228
1.4762532723910908
-0.08849741108792841
1.5155003539175596
0.7665973270159157
1.2770740715042734
-0.3567196687032492
0.4501760590246704
3.249324439381212
5.930194859663288
0.4159335398206849
0.7146977572476771
1.1837975218119823
2.316426243831529
0.22110343094550444
-0.28016434625862985
3.751268854847126
1.0950650254646916
0.5496198554128569
3.4636774603808362
3.0573119098647226
0.053433341472896245
1.268611035939898
-0.37083563919634344
0.6152129044360208
0.8071656393070725
