0.8182295186979438
-0.8557469148737304
0.5565341213980197
1.8658674413817806
0.3074038949319515
0.3742125646040648
0.05608946665104497
0.3742125646040684
0.4615545747592087
-0.029068341689260535
0.8850381883700535
-0.34937564145711875
0.23271300233036385
0.12508233813799308
0.8850381883700571
-0.23159260580073493
-0.20342172883404075
0.6846981260734175
1.5781853689300007
0.16144998230886998
0.20512504581153124
0.8080771472339237
0.16144998230886998
-0.9735299505301107
0.2792330179652538
0.88503818837005
0.05608946665104497
-0.6466271649250537
0.5669150904170337
0.4615545747592087
-1.0112702785129635
-1.8787708462176873
2.686847993451611
0.5973561159182701
0.019721822480168072
0.056089466651048525
-0.5316971982510736
0.11551288712184515
0.23271300233036385
1.4060161836000589
0.009569451016151476
-0.16259973431378683
0.19189100781010637
-1.0112702785129635
-0.031252543504098895
0.972380198525201
-0.8557469148737269
0.2972515234679314
0.20512504581153124
0.2972515234679385
0.11492996667397648
0.2972515234679385
0.5305474462461603
0.8080771472339272
0.29725152346793493
0.019721822480168072
-0.42348361361084486
0.47957308026188983
0.9258601828903075
0.47957308026188983
0.2972515234679385
0.009569451016151476
0.056089466651048525
1.0185695809945763
1.0028212240264338
1.847848935879096
0.8080771472339272
0.9903987040278786
0.3096740434664973
0.9416085398584464
0.12508233813799308
0.056089466651048525
-0.20034006229663603
0.05608946665104497
0.23841102344499632
-0.34937564145711875
0.47957308026188983
-0.20342172883404075
1.4060161836000589
-0.3857432856279921
-0.28038276997017064
0.8442161938497996
0.7492366472109886
0.019721822480168072
0.5669150904170337
1.0673597451640084
-0.061693569005338844
-0.23159260580073848
0.05608946665104497
-0.17275210577780342
0.20512504581153124
-0.008449054486522556
0.056089466651048525
-0.42348361361084486
-0.29053514143418013
0.4795730802618827
-0.20034006229663603
-1.1856236656577401
1.0028212240264374
0.20512504581153124
-0.6058051704047998
0.056089466651048525
0.8080771472339201
-1.4733057381095236
-0.28038276997017064
0.8182295186979438
0.009569451016155028
0.5565341213980126
-0.23159260580073493
0.3742125646040648
1.5477443434287608
0.7492366472109886
0.019721822480168072
-0.8934872428565761
1.13635261665096
-0.34937564145711875
0.2586137307625158
-1.1856236656577401
-0.5978370007556233
-0.4139141625946898
1.0593915755148302
-0.472273777780277
0.25642952894767745
0.9416085398584428
0.47957308026188983
1.2600622709769773
0.08426034361773915
0.5305474462461603
-0.10821358464022879
-0.6058051704047962
0.08734201015514742
1.5781853689300007
0.7004464830415564
0.40261203912575994
0.8080771472339272
0.9416085398584464
0.7492366472109886
-0.09579106464166998
0.8182295186979438
-2.0329215260449445
1.067359745164005
0.3742125646040684
-0.12623209014290993
0.5305474462461568
-1.9841313618755123
0.19189100781010637
0.5203950747821438
0.11492996667398003
0.47957308026188983
-0.12623209014290993
0.8080771472339272
0.08734201015514742
-0.008449054486526109
-1.4043128666225684
0.5305474462461568
0.5973561159182772
-0.16259973431377972
0.2972515234679314
0.8182295186979438
0.19189100781010993
1.0593915755148338
0.0
-0.35449074212388965
0.9723801985251974
0.40261203912575994
-1.6964492894237324
0.08426034361773915
0.41276441058977653
-0.3857432856279921
-0.3857432856279921
0.9903987040278786
0.307403894931948
0.5203950747821402
1.2905032964782208
-0.09579106464166998
1.0673597451640084
-0.12623209014290993
0.8182295186979367
0.2972515234679314
0.4615545747592087
-0.10821358464022879
0.056089466651048525
1.5012243277938708
0.9903987040278786
-0.23159260580073848
-0.35449074212388965
0.5305474462461603
0.990398704027875
0.2428653737943769
0.7672551527136626
0.3074038949319515
0.056089466651048525
0.3742125646040684
-0.568064842421947
0.307403894931948
0.47957308026188983
-1.0112702785129635
0.8182295186979438
0.2972515234679385
0.19189100781010993
-1.5220959022789522
-0.6058051704047962
-0.20342172883404075
1.288233147943675
0.7027166315760986
1.5012243277938673
0.29725152346793493
-0.029068341689264088
-0.061693569005338844
1.0593915755148338
-0.17275210577779987
-1.1166307941707885
0.8080771472339272
0.7308875085427964
0.47957308026188983
-0.3857432856279921
0.5260930958967798
0.41276441058977653
0.24286537379438045
1.2135422553420874
0.9723801985251974
1.2135422553420874
0.8182295186979438
1.1059115911497202
0.12508233813799308
0.5305474462461603
0.05608946665104497
-0.29053514143418724
0.2327130023303603
1.1363526166509637
-0.029068341689264088
-0.7912083937361594
1.1059115911497202
0.5565341213980197
1.6190073634502546
-0.3493756414571223
0.990398704027875
-1.0112702785129635
0.2972515234679314
-0.4139141625946898
0.2972515234679385
-0.7599558502320569
-2.389596469983676
0.8080771472339272
-0.1082135846402359
-0.29053514143418724
1.606356245896695
1.6190073634502475
-0.16259973431378327
1.5012243277938708
-0.38574328562799565
0.6539264674066665
0.6539264674066665
0.16144998230886998
0.256429528947681
0.2792330179652538
0.6539264674066665
1.0593915755148338
0.7672551527136662
0.8182295186979403
0.19189100781010993
-0.16259973431378327
0.23271300233036385
1.2729656758128876
0.6539264674066665
0.16144998230886998
-1.1166307941707885
1.0673597451640084
0.9903987040278786
0.12508233813799308
0.2327130023303603
0.37421256460406127
-1.9195928407379412
-0.12623209014290993
-0.5035263212843795
0.2972515234679385
1.2135422553420874
-1.116630794170785
0.7308875085427964
1.0028212240264374
0.256429528947681
0.6539264674066665
-0.7912083937361629
0.25642952894767745
0.08426034361773915
-0.7111656860626248
-0.10821358464022879
-0.29053514143418013
1.1059115911497202
0.8182295186979438
0.17946848781154756
0.749236647210985
0.2972515234679314
0.8182295186979403
-0.20034006229663603
1.213542255342091
0.3742125646040648
0.3763967664189032
1.2600622709769809
1.0673597451640084
0.2972515234679314
0.12508233813799308
1.1363526166509637
-0.0616935690053424
-0.3857432856279921
1.5012243277938708
-1.2344138298271758
0.3742125646040684
0.3742125646040648
0.7492366472109886
1.2882331479436786
1.0593915755148338
0.3742125646040648
-0.42348361361084486
0.2792330179652538
-0.6734253580797791
1.2600622709769773
-1.1856236656577401
0.7672551527136662
1.2882331479436786
1.0593915755148338
0.37421256460406127
0.7027166315760986
0.7027166315760986
0.5973561159182772
0.37421256460406127
-1.157452788691046
-0.28038276997017064
0.47957308026188983
0.3763967664189032
0.6846981260734175
0.5203950747821402
-0.38574328562799565
0.2428653737943769
0.5669150904170337
-0.20034006229663603
-0.28038276997017064
-0.48802213474841594
0.19189100781010993
-0.3857432856279921
0.7492366472109886
-0.20342172883404075
0.8182295186979367
0.9903987040278786
0.307403894931948
0.8442161938497996
0.19189100781010993
-0.23159260580073848
-0.8557469148737304
1.067359745164005
-1.1166307941707885
-0.316750414141044
0.47957308026188983
-0.12623209014290993
0.6539264674066665
0.11551288712184515
-1.1166307941707885
0.7492366472109886
0.8080771472339237
-0.472273777780277
0.19189100781010637
0.6846981260734175
0.12508233813799308
0.23271300233036385
0.05608946665104497
0.6539264674066665
0.88503818837005
1.529395204760565
-0.35449074212388965
0.08653049215228492
1.2135422553420874
-0.008449054486526109
-0.17275210577779987
1.2135422553420874
-0.28038276997017064
1.529395204760565
-0.7912083937361594
0.27923301796525735
0.20512504581153124
0.972380198525201
0.7672551527136626
0.08734201015514387
0.2972515234679385
1.6063562458966985
-0.42348361361084486
0.6539264674066665
0.5305474462461568
0.5203950747821438
-1.157452788691046
0.8182295186979367
0.08653049215228492
0.2972515234679314
-0.34937564145711875
-1.1166307941707885
0.7796776727122285
0.40261203912575994
0.12508233813799308
1.2905032964782173
0.990398704027875
0.19189100781010993
0.4026120391257564
1.5012243277938708
0.7027166315760986
0.5973561159182772
-0.3857432856279921
1.2600622709769809
0.11492996667398003
-0.28038276997017064
0.16144998230886998
0.3742125646040684
0.2972515234679314
1.4060161836000589
0.3763967664189032
0.05608946665104497
0.019721822480168072
0.2792330179652538
-1.1166307941707885
0.8850381883700535
0.056089466651048525
-1.1856236656577401
0.5305474462461603
0.7308875085427964
0.8080771472339272
-0.3493756414571223
0.8080771472339201
-0.21357410029805735
0.23841102344499632
0.7027166315760951
0.8182295186979403
0.27923301796525735
-0.3857432856279921
0.5565341213980197
0.5669150904170372
0.8080771472339272
1.5012243277938708
-1.4733057381095236
1.3778453066333611
-0.42348361361084486
0.5305474462461603
-1.7452394535931646
1.2882331479436786
0.5565341213980126
0.4615545747592087
-0.8557469148737269
0.5669150904170301
-0.03125254350410245
1.1059115911497202
-0.42348361361084486
0.3763967664189032
0.5565341213980126
1.0673597451640084
-0.029068341689264088
0.5973561159182772
-0.28038276997017064
0.5203950747821473
0.307403894931948
0.41276441058977653
0.8080771472339272
-0.12623209014290993
0.4026120391257564
1.2135422553420874
0.8182295186979403
0.05608946665104497
0.6539264674066665
0.9258601828903039
0.8850381883700571
-0.35449074212388965
1.0593915755148302
0.5973561159182701
0.9723801985251974
1.0028212240264338
0.9416085398584464
1.5012243277938673
-0.17275210577780342
1.0593915755148338
0.8080771472339272
0.4795730802618863
0.7027166315760986
-0.8979415932059602
-0.3857432856279921
0.5305474462461603
0.972380198525201
-0.42348361361084486
-0.7599558502320569
2.445685936634721
1.529395204760565
0.9903987040278786
-2.677278542435456
-0.673425358079772
1.2600622709769773
0.8080771472339272
1.2882331479436786
-0.5316971982510701
-0.16259973431378683
0.6539264674066665
0.7308875085427964
-0.12623209014290993
0.8182295186979438
0.8182295186979367
0.8182295186979403
0.7004464830415529
0.019721822480168072
-0.3493756414571223
0.3742125646040648
-0.09579106464166998
1.0593915755148302
0.2792330179652538
-1.2344138298271723
-0.008449054486522556
1.2135422553420874
0.2972515234679314
0.2327130023303674
0.056089466651048525
-0.09579106464166998
-0.031252543504098895
-0.28038276997017064
1.0185695809945727
-0.4502818067655632
-1.0112702785129635
0.5203950747821438
0.12508233813799308
-0.4139141625946898
0.675128675057266
0.9723801985251974
0.40261203912575994
1.2882331479436786
0.6539264674066665
0.37421256460406127
1.2905032964782173
1.0673597451640084
0.056089466651048525
0.9416085398584428
0.2586137307625158
-0.5035263212843795
0.5203950747821473
-0.09579106464166998
0.9258601828903039
0.11492996667397648
0.4026120391257564
0.16144998230886642
-0.17275210577780342
0.8464003956646344
-0.5680648424219505
0.7027166315760986
0.5973561159182701
-0.12623209014290993
0.08426034361773915
0.11492996667397648
0.11492996667398003
1.2905032964782208
0.5203950747821438
-0.029068341689264088
0.05608946665104497
1.2905032964782173
-0.17275210577780342
0.5973561159182701
0.37639676641889963
-0.7912083937361594
1.1363526166509637
1.1363526166509637
-0.28038276997017064
-0.8934872428565797
-0.20034006229663248
0.5565341213980197
-0.7912083937361558
0.5203950747821473
-0.16259973431378327
-0.16259973431378327
-0.20034006229663603
-0.3857432856279921
0.6539264674066665
0.307403894931948
1.6190073634502546
1.0028212240264338
-0.029068341689264088
0.11492996667398003
0.8080771472339272
0.16144998230886998
0.3742125646040684
0.9903987040278786
0.7027166315760986
-2.389596469983676
0.29725152346793493
0.6539264674066665
1.213542255342091
1.0593915755148302
1.3778453066333611
-0.12623209014290993
-0.5035263212843795
-0.38574328562799565
0.23841102344499632
-0.42348361361084486
0.4026120391257564
1.288233147943675
0.9903987040278786
0.779677672712225
-1.0678406300013563
0.307403894931948
-0.5316971982510736
0.8182295186979438
-0.008449054486526109
0.05608946665104497
0.9903987040278786
-0.3857432856279921
0.2428653737943769
0.12508233813799663
0.9360125543543241
0.7672551527136662
-0.031252543504098895
0.29725152346793493
1.213542255342091
0.9416085398584464
0.2972515234679385
0.40261203912575994
0.7796776727122285
0.307403894931948
0.3742125646040648
0.9416085398584464
-0.4139141625946898
1.3778453066333611
1.0593915755148338
1.2882331479436786
0.8182295186979438
0.9258601828903039
1.1059115911497202
0.23841102344499632
0.11492996667397648
-1.116630794170785
-0.5035263212843795
0.5669150904170337
0.749236647210985
-0.6058051704047962
0.16144998230886642
0.41276441058977653
0.7308875085427964
1.213542255342091
0.9258601828903039
0.05608946665104497
-0.38574328562799565
2.089010992695986
0.5203950747821438
0.5565341213980197
0.019721822480168072
-1.6964492894237324
1.529395204760565
1.2135422553420874
1.5477443434287608
0.19189100781010637
0.6539264674066665
0.990398704027875
0.5260930958967798
0.16144998230886998
1.606356245896695
0.5973561159182701
1.529395204760565
0.7027166315760986
0.9416085398584428
-0.10821358464022879
0.7004464830415529
0.29725152346793493
-0.29053514143418013
0.7308875085427964
0.4615545747592087
1.3778453066333647
1.4060161836000589
1.529395204760565
0.41276441058977653
-0.17275210577779987
0.7308875085427964
0.5260930958967798
0.05608946665104497
1.067359745164005
-0.12623209014290993
0.7308875085427964
0.16144998230886998
-0.008449054486526109
0.5669150904170337
0.9903987040278786
1.0185695809945763
1.2600622709769773
0.11492996667398003
0.2586137307625158
0.307403894931948
0.3750240826069273
0.6539264674066665
-0.42348361361084486
0.8442161938497996
0.8442161938497996
0.7672551527136662
1.1363526166509637
-0.34937564145711875
-1.2989523509647434
0.17946848781154756
-0.16259973431378683
0.7027166315760986
-0.316750414141044
1.5012243277938673
1.2135422553420874
-0.09579106464167353
1.0673597451640084
0.9903987040278786
-0.17275210577779987
0.7308875085427964
0.27923301796525735
0.27923301796525735
1.0028212240264338
-0.5316971982510772
0.846400395664638
0.2972515234679385
0.2972515234679314
1.2882331479436786
0.11551288712184515
0.3742125646040648
0.8080771472339272
0.009569451016151476
0.37421256460406127
0.009569451016155028
-0.029068341689264088
-0.008449054486526109
-0.10821358464022879
0.990398704027875
-0.23159260580073493
1.6190073634502546
0.3074038949319515
-0.34937564145711875
2.165972033832116
1.5012243277938708
0.05608946665104497
-0.29053514143418013
-0.4502818067655632
-0.35449074212388965
0.3742125646040684
-0.09579106464167353
-2.571918026777631
0.11492996667398003
-0.2135741002980538
1.1363526166509637
-0.12623209014290993
0.2792330179652538
-0.4502818067655632
1.6959684045863845
-0.5978370007556233
0.972380198525201
0.3742125646040684
0.5669150904170337
-0.316750414141044
-0.21357410029805024
-0.4139141625946898
0.12508233813799308
0.88503818837005
-0.48802213474841594
0.8182295186979403
-0.35449074212388965
0.2972515234679385
0.16144998230886998
1.288233147943675
0.8850381883700535
0.11492996667398003
0.6539264674066665
0.8080771472339201
-0.23159260580073493
-0.10821358464022879
0.9723801985251974
0.4026120391257564
0.9903987040278786
0.6846981260734175
0.2972515234679385
-0.10821358464022879
-0.17275210577780342
1.2600622709769773
1.2905032964782208
0.47957308026188983
0.29725152346793493
-2.389596469983676
0.24286537379438045
-0.3857432856279921
0.8182295186979438
1.2600622709769809
0.16144998230886642
0.9258601828903075
0.17946848781155111
0.6539264674066665
0.6539264674066665
0.5203950747821438
0.7004464830415564
0.7672551527136626
0.9903987040278786
0.29725152346793493
0.307403894931948
0.9723801985251974
0.3742125646040648
-0.16259973431378683
0.972380198525201
-0.5316971982510736
0.7308875085427964
0.8850381883700571
0.12508233813799663
0.6539264674066665
0.6539264674066665
0.2327130023303674
-0.17275210577779987
0.41276441058977653
-1.4733057381095236
-2.389596469983676
1.6190073634502475
-0.17275210577779987
1.6959684045863845
-0.5035263212843795
-0.21357410029805024
0.3742125646040648
0.29725152346793493
-0.29053514143418724
0.7492366472109886
-0.2905351414341837
0.3763967664189032
0.2972515234679314
0.16144998230886998
-0.28038276997017064
-0.029068341689264088
0.2327130023303603
-0.008449054486526109
1.3778453066333611
0.29725152346793493
1.067359745164005
0.056089466651048525
0.8182295186979438
0.8182295186979403
0.9723801985251974
1.1363526166509637
-1.6964492894237324
0.5203950747821473
0.256429528947681
0.5203950747821402
0.307403894931948
0.5669150904170337
-0.029068341689264088
0.47957308026188983
-0.17275210577780342
0.7492366472109886
0.2428653737943769
0.5669150904170337
-0.23159260580073493
0.9903987040278786
-0.3857432856279921
0.2792330179652538
0.3096740434664902
0.29725152346793493
-0.48802213474841594
0.23841102344499632
0.11492996667398003
0.37639676641889963
-1.6964492894237324
-0.8979415932059602
0.009569451016151476
-0.6466271649250537
0.307403894931948
-0.9735299505301107
0.5305474462461568
0.9416085398584464
0.056089466651048525
0.056089466651048525
-1.4733057381095236
0.3742125646040684
-0.029068341689264088
0.3074038949319515
-0.061693569005338844
-0.7599558502320569
1.0673597451640084
-0.29053514143418724
0.972380198525201
-0.28038276997017064
0.7027166315760986
0.256429528947681
-0.2034217288340372
1.7889064002456543
0.29725152346793493
1.7889064002456543
-1.0112702785129635
-0.031252543504098895
0.2586137307625158
0.27923301796525735
1.0593915755148302
0.9903987040278786
0.990398704027875
-1.5866344234165233
0.7308875085427964
-0.09579106464167353
0.2586137307625158
-0.0616935690053424
0.4615545747592087
1.0673597451640084
0.41276441058977653
0.9416085398584464
-0.3857432856279921
0.05608946665104497
0.47957308026188983
-0.4139141625946898
0.8182295186979403
0.9416085398584464
0.27923301796525735
1.0185695809945763
0.3096740434664902
-0.20034006229663603
-0.3857432856279921
1.2600622709769773
-0.3493756414571223
0.7672551527136662
-1.0112702785129635
1.0593915755148338
0.41276441058977653
-0.3857432856279921
-0.6494802339074575
1.5477443434287608
0.11492996667398003
0.5203950747821473
1.5477443434287608
0.2792330179652538
0.37421256460406127
-0.6058051704047962
0.2792330179652538
0.40261203912575994
-0.1082135846402359
1.1363526166509637
-0.10821358464022879
0.08734201015514742
0.8080771472339272
0.8182295186979438
0.08653049215228137
0.2972515234679385
0.6539264674066665
0.9258601828903039
0.40261203912575994
0.2972515234679314
1.2882331479436786
-1.116630794170785
0.2327130023303674
-0.6058051704047962
1.4060161836000589
1.0593915755148338
-0.28038276997017064
-1.116630794170785
0.8442161938497996
0.9258601828903075
-0.28038276997017064
0.056089466651048525
0.08653049215228137
-0.5680648424219505
0.8182295186979403
0.16144998230886998
0.3763967664189032
0.5973561159182701
0.7027166315760986
0.3763967664189032
0.29725152346793493
-0.34937564145711875
0.2972515234679385
0.056089466651048525
0.47957308026188983
0.12508233813799308
-0.10821358464022879
0.4615545747592087
2.686847993451611
0.5203950747821473
0.307403894931948
0.12508233813799663
-0.17275210577779987
-1.0678406300013563
0.8182295186979403
0.019721822480168072
0.6751286750572643
-0.12623209014290993
-0.9735299505301107
-0.7912083937361594
0.7308875085427964
0.11551288712184515
-0.17275210577780342
1.0673597451640084
-1.9195928407379412
0.2586137307625158
0.8182295186979438
2.089010992695986
0.08653049215228492
1.0593915755148338
1.3778453066333611
0.40261203912575994
0.12508233813799308
1.847848935879096
-0.20034006229663603
1.0593915755148338
-0.20034006229663603
-0.3857432856279921
0.307403894931948
-1.0476379226838368
-1.2989523509647434
-0.8934872428565761
-0.20342172883404075
-0.031252543504098895
-2.166452918669467
0.2792330179652538
0.8080771472339201
