1.6859779895564273
1.1224847248745888
1.1549496584729368
1.4413941070043634
1.9417058215133594
0.013720064742450688
-0.35474283494830416
0.3580492904670223
-0.575702184447664
0.1176422996066222
-0.182990229503595
1.5865171960257882
1.0825258921558572
0.1841707413146949
3.052152567828479
-0.12598418698914315
0.21494844682635517
1.1469814888237337
1.3961946397594929
0.7657733583611375
0.5772962538939765
0.0726261778011974
-0.2683004091694059
-0.6204845801840406
-1.1717446815665156
0.6274030739481589
0.21576344401658076
3.1145478338245525
0.019381663282359796
0.23069075694959906
0.7232501665170474
2.152067719481032
0.0010325246141746902
-0.39783497800311807
-0.04823852439258758
0.8303118794987157
3.006949208078339
0.381786666781899
0.6997778103319305
1.6183846984239025
0.8471231368108434
1.4158604343124424
0.14474832714887498
-0.15051737351302563
-0.4825762064581909
2.472334072575535
-0.539786798351237
0.9804912134676087
0.5492968593936283
1.7246987067315303
-0.15230149530650294
-0.17477435115858952
1.9421693949168386
0.24879218692194627
1.494007949781924
2.176600906004907
0.4337145254159367
0.8936431524457475
1.0311349462863646
1.725983324170123
-0.4706723019553678
2.1503665221572064
2.12253368473462
1.0894945614719589
1.5968653352216364
-0.4825762064582051
0.759617810687935
1.9570950451335065
1.5217578627348303
-0.03897280999952102
-0.03888988552984074
0.0010325246141746902
-0.4869531875595001
2.1757842460983454
-0.12234649654634211
0.17595486296968943
0.5961184919979132
-0.10788275701679595
2.034853635035354
1.3939244912249436
-4.020732744878849
-0.6754667146013844
0.979596770995073
1.6777621112114147
1.0328361436101758
0.2725816986587617
-0.0961291041857848
1.991197682673537
0.7480310617367749
1.3104999186546067
-0.03159058304822082
0.7116634175659158
0.13716469893876138
0.1354635016149217
1.1439267188287943
1.7246987067315303
-0.03888988552984074
0.7604535817353337
3.564294847479225
-0.13727214676302424
0.8386801291692052
0.748031061736782
-0.4829927863434236
0.17174822131612189
2.656737795573825
1.5849367643563639
0.6246291470654342
-0.4421707918231448
1.7040794195287958
1.2301153890669596
1.339436305940879
1.5442307185868955
0.39101429588394154
0.3884791272196537
1.8111411325104356
1.5015551554173143
0.7640721610373191
-0.4706723019553607
-0.24582755331734063
0.42314557406673003
-0.5252764359902145
-0.15535626530146374
0.7283652671838183
0.6462891253809389
0.9125499777356794
0.8936431524457404
0.019950614493097873
0.8773179218746421
0.636155865057745
0.18425366578436808
0.37379160059025907
-0.10788275701678174
0.8567815591415808
-0.34772815794893575
1.1286323501555557
-0.5261739007127915
2.0599524305732118
1.002096523389568
0.43503118130070817
0.03262689003240382
1.3473215511203733
0.38178666678187767
1.6333103486405776
1.0736693268790347
1.1686376847692301
1.6671748625933347
1.3047698590938168
0.8175608459883037
0.4051270685640489
0.2219379658399987
0.0659897452906506
0.5910354297772926
0.7502691718251668
0.03619292059452306
-0.12458460663472692
0.23588878208603603
0.595808708529951
1.0481356541871136
-0.07341293715609964
1.0182315414504401
-0.16804380542974684
0.5615478969258518
0.5346980599724702
-0.9522205757755131
-0.8699454398156163
0.38175977023944796
0.05773695015923863
0.45747199870660893
0.5207259024055872
0.3177850584089086
1.5442307185868884
-1.8183718464915657
-0.06706076249653137
-0.36347651491705335
-0.5185845907006339
1.5347470198325155
0.2343604858385504
3.05285426481921
0.8584827564654063
1.4158604343124281
0.5840459107636349
-0.35474283494829706
0.2904499524896025
-0.06265291404211126
0.7314469337212373
-0.191339368033276
-0.38608344482580037
0.2975823510913713
1.1201893425139247
1.0416209731659052
0.342781818336249
-0.13159928363411666
1.9560434093784878
1.5587135692572573
1.8204051841872015
0.23874185106844692
0.9274756279523615
0.17538591175895135
0.6200147876615318
1.6628555721355767
1.3777086683480562
0.11657745018217724
0.45391723273348106
0.36907835279644274
-1.0369995244787944
1.1539501581398568
2.1502505734064172
0.8097246307421102
0.7658097809358679
1.7040794195287816
0.21753964341785093
-0.937248058621023
2.1388589153057254
1.1348052092626304
0.6743770778779492
0.39804857823581585
2.8486288033839244
-0.6204845801840335
-0.9522205757755202
0.9007155200886814
0.003785677639754681
-1.025949688292215
0.26335240684038297
-0.5295128019783135
0.01406188665656316
0.11657745018216303
1.1712384664692905
3.003362403659054
2.9875311222212275
0.8860959468103573
-0.3444352643666875
-0.33543971200703027
-1.7209561136596108
1.9070202635254816
0.001032524614188901
0.48851986625168564
1.9881317239299818
-0.25165246782503914
-0.06520719384720053
1.3210871672726796
-0.5467554676673458
1.1663995746808453
-0.6938158532695695
0.32835400975812945
0.08610952813847916
0.2975823510913784
1.2515253445750147
0.2738658244740506
0.106527114328685
-0.4523231632871614
1.641242095715036
1.498379375661635
-0.5133478651249561
2.4806082090277854
2.0013309429967236
0.8954193518469964
-1.282962137687747
0.6423287241648339
0.7903065448849986
0.106527114328685
1.2929354014468188
0.5671629935708111
0.3655757222452465
1.0456177969567335
1.840128669383681
-0.12152983663978034
0.22417607592839772
1.264764524480121
0.01768046595856987
0.8618966598083517
0.8838005644496789
-3.4484290461284175
1.9070202635254745
-0.268300409169413
0.7877886876546327
1.751093384296965
2.127893666305141
1.5981819911063937
0.010300358660948916
0.834802652422816
1.1346418932948765
0.8303118794986872
1.1404668078025253
2.1515672292911816
-2.0037750698229218
0.6887271148908027
0.5426298070469215
0.0677872860127593
2.230666464558844
-1.2855629193878002
-0.15789143396574445
0.9827613620021438
0.010300358660948916
-0.016985980888506447
0.2690460438264495
0.28088050147344745
0.10469184294820622
-0.18484379815291163
0.3384043456116217
0.15040992568876277
1.9644263860612696
-0.15221857083684398
0.32394060608208974
-0.33911610288910055
0.04836920015563351
3.049149933255457
-0.15051737351303984
-0.5621380292944025
0.34541902261102564
0.5910354297772784
-1.7065235463549868
1.1162927546266772
-0.06706076249652426
-1.854739490662432
-2.7346625783657217
-1.0874843379487729
0.9638432721232277
0.9752141563667678
-0.1544887193713862
0.9305684832383463
-0.06827927527605482
-0.21128273137921383
-0.2176566763506571
-0.23737637917714238
0.06832419877732576
0.5922219041106587
0.6589549565571389
-0.4290875215071992
1.4258838736234836
0.4270421619539775
1.7347681537258595
0.7495674748344427
1.0574522546037386
0.23742130267839912
1.098274249123989
-0.12598418698914315
0.6638267460462615
0.8184774218517106
1.7079760074160433
0.5589471152257772
-0.41366625944093016
1.1751523657904173
0.6542572950301064
0.07092498047737905
1.116292754626663
-0.5222134994966936
-0.20602689466268487
-0.35236132963912326
0.609363718747943
-0.471241253166113
1.6859779895564202
1.017087786642044
1.610470437048285
0.13716469893876138
-0.08768004969925869
-1.2771051972243512
1.5587135692572573
0.20251987998289422
0.23340308988221636
0.7362393236147327
0.7583992979083973
-0.7382676158404067
0.1630974658170743
-0.10569855520193983
-0.08207099989920863
-0.15230149530651715
1.5234590600586628
1.3104999186545925
1.5516299370253321
0.4231455740667158
-0.8228928955447046
1.204139902663691
-0.22688430545268545
0.13490573915281345
-0.2581159992592461
0.8830988674589619
0.803171249281668
0.5554114603934721
0.3862410171312689
2.2126400366639274
2.1301638148396904
0.7102638372114782
0.7415993051852752
0.5772962538939908
1.9070202635254745
-1.3883226533455684
1.1404668078025466
-0.10432799104366097
2.345677236048836
-2.2109182797906968
1.4589205389210846
0.01714355319398919
1.8200088865358524
-0.18128903217977665
1.2573904640274165
-0.22129436679347236
0.17802311603374932
0.2035888271718136
2.691064220213697
-0.38549538247424664
0.117444996112269
1.292935401446826
-0.3943371573888257
1.578379363810221
1.500336642637798
1.2647705713250161
1.195771652993166
0.007630130105063415
1.0596394786685934
0.3159314897595493
-0.28105144267979654
0.0941045943301333
-0.2103983205423816
1.1803503909268827
1.2301153890669667
2.075700787541372
0.7691872617040971
2.7376162742947443
-0.0025222413589744974
-0.19304056535708014
0.6375554454121755
-0.4444766185469291
0.5083033824070284
-0.13291544789555587
0.42779722791045316
1.8204051841871944
0.782090666539986
1.0793881976912019
-0.48869080745804894
0.7043320766381385
1.1281783618606553
0.9709269043551458
-0.15051737351302563
-0.007758966934666489
-0.007416529872330102
-0.4074934003338271
2.7376162742947443
0.7125288438423354
0.4311137437159118
3.003362403659054
-0.46682784949006617
2.2149050432947774
0.27510949523931316
1.237972378170305
3.1145478338245525
2.518348537010624
2.0312030172872255
-0.6138947705049915
1.3393146810319436
-1.2082712450861521
1.8213255424206025
1.2872434271770814
0.07654007712233124
0.38484143677683846
0.7508841307191858
0.5834882241419095
-0.3085534524789466
1.355235812495998
0.2391419310897902
0.5495463409410846
-1.1029107294283307
1.8094399351866102
0.7007773106650106
-0.2309025182488682
-1.036999524478766
1.4658892082371793
-0.08038074721765298
-0.3328389303069912
0.4520114860310471
1.759847838122873
1.8277890738548095
0.2527096245067355
1.5704651024345821
2.8477691798460683
0.6273710355020157
0.8834907809817167
0.2105709741017492
1.0904111373353729
-0.4655111936053089
0.30417440136064755
0.9615782654923919
1.3011321686510016
-0.18128903217976244
0.2241760759283693
-1.6413273467984553
1.7880187150895708
0.7798716675924453
0.019950614493083663
2.334389276274976
1.7711357978967257
1.607409620208422
-0.8234254241807122
1.5375192839989111
-0.5599538274795322
0.41974285947236467
-0.53004971474288
0.0018491845207222468
2.3102152230991138
-0.4737443833842292
0.9125499777356723
0.202272171287035
4.735414442082281
0.21412574007488416
0.7669171131695478
1.8626844497054265
-0.4304602053191786
1.0756915722598066
0.6744600023476153
-0.15221857083682977
-0.5514917086970783
-1.7507282719932888
1.1348052092626162
0.16169788546261543
-0.1913393680332831
-1.23058518158944
-1.0079311827895197
1.0218604502464785
0.47325239412089104
0.6204135549345153
0.8330185306293103
-0.22558842342510843
1.7528695836982209
-0.33169517549856664
1.8213255424206025
0.193823116800516
-0.056991315502202156
0.5026244724332187
2.8176381322707442
1.0456177969567264
1.0303330133920383
1.1650829187960952
0.7917061252394362
-0.2542401852291576
0.9911296116726689
1.1113575194399417
0.80840797485736
2.3783085102098056
0.5279422804175269
0.9080895805413718
0.8469598208430895
2.409112207322714
1.3513219131748642
0.12166051240280495
-2.0319459467896195
0.5095931417493489
1.2588297889603268
-0.22356451532799326
-0.582846287811698
2.4279153342857924
1.9773297908971728
1.3982959171046545
0.2802655425794285
-1.3501014405253784
0.6555739509148566
-1.9502863848719372
1.5747523544461828
1.3152411589611077
0.09410459433010487
1.7892372278690942
-0.6630441946028185
0.07654007712233124
0.4574310520332645
1.3780932097871386
-0.13737646023804473
0.4350311813007153
1.3360335913465136
1.1404668078025608
-0.4180376853206269
1.1869868234374437
1.009078670319525
0.019950614493097873
0.9709269043551529
0.8712644098119497
0.7947669420792991
0.8729464959949453
1.294984543370056
0.4982530465535362
1.0982742491239819
2.8469525199395207
1.3543827300146987
1.0109322389688487
0.48817804433757317
1.0828448205591386
-0.6855170504548909
0.5558750337969443
1.1351470311767358
2.0848066651540336
0.5235708545378159
0.7438694537198032
0.30417440136063334
0.5473603662746243
2.1314804707244335
0.6529671223698941
0.23077368141927224
1.7260153626162733
2.4656825588111033
0.9463937178312776
0.7143824124916307
-0.1991121957589641
2.062455560791328
1.2116029344310064
0.9897300313182598
1.2557750189653518
1.300315508744447
0.10161976151934482
-0.3652926751567094
1.0477938322730083
1.5234590600586628
1.8424817423879105
0.09715936432506567
0.3484737926059651
-0.2576620109643386
3.660059015578433
0.9929137334661462
0.46224466231107186
0.9080895805413931
2.8233109953996234
2.1520677194810176
0.06647063012798782
0.6187063107657735
1.2766354047018424
0.5615478969258376
-0.6692747443534657
0.2241760759283835
2.041868312034758
2.5820660141130602
0.8492299693776317
1.1005443976585312
1.1281783618606696
1.1224847248745888
-0.8436281314982566
1.3859563215757689
0.029566073192526687
0.3287132696865456
1.3900800387596277
1.4158604343124352
-2.4298594651338377
0.8939849743598671
0.3918101060929402
-0.09261528488600135
1.4346635612754994
-1.5464381310079176
1.445301959480588
0.5426298070469215
0.858482756465385
1.010395326204275
0.44946288238410403
-0.7698990189815618
-0.007758966934666489
0.9173232564883307
0.9125499777356652
0.4662628751072688
1.3965947197808362
0.0137200647424649
0.25967829382284435
0.5066212962240328
1.9478422580457249
-0.20462731430825443
-0.8699454398156092
0.14057860228172814
0.8003181802992643
2.942337701821266
1.0697727389917944
0.875130697809773
-0.3942481735838044
0.5961184919979132
-0.37763227068560923
1.9548569350451217
0.5312375337980342
0.8097246307421244
0.13773365014948524
0.9717115258155573
0.9907295316513185
2.3769488906937823
2.556150558668655
-0.9877284754719824
0.16309746581704587
1.0860397114556406
0.6204135549345153
0.8774008463443153
0.7631725766610842
0.49123219918431005
-0.8802611272473939
2.4868387587784184
0.12227547129680261
0.4781277084840809
-0.11585092666595642
-0.6064738431144363
0.438091998140564
-0.23922994782646612
0.7415993051852539
0.904118234683061
1.9040176289524666
0.029566073192526687
1.6446559990579956
1.0841614764438674
0.5426298070469358
-0.43819944596481264
1.2610947955911698
0.6950792895503497
-0.23571612852666135
0.26106969518827583
1.8111411325104356
1.824707407317426
-0.06350599652338929
-0.4931451578074473
0.856198638693705
0.5679476150312226
1.6012367611013332
2.7780755972033333
0.2953122025568291
0.9717115258155573
-0.851596301147417
-0.17469142668890925
2.1301638148396904
0.498253046553522
0.9770884988732647
0.24355546134624717
-0.28888765792599
0.9770884988732362
0.2975823510913642
-0.6698576648013344
-2.7457124145523153
-0.17469142668890214
1.5442307185868955
0.43111374371591893
1.4177140029617519
1.0574522546037386
0.22502915840966864
-0.36041569807721174
1.17786469872307
1.4413941070043492
-0.28574996346137027
0.9247337395157729
1.3825536069814106
1.7224285581969738
0.06161276418934136
0.11404228151791074
0.5685625739252274
0.008124079238342574
2.4279153342858066
0.705148736544686
1.3763920124633202
2.3102152230990995
1.4721657656711002
2.2523243232206838
3.4715645996774
1.4048105981258416
1.3737217839074276
-0.6653143431373678
0.5662464177073971
-0.557683678944997
-0.9240496988088083
-0.8617486726114478
0.36261482136222867
0.3884791272196537
0.9252375178639625
-0.3942802120299689
-0.3328025077322394
2.598391244684173
-0.14969466676156173
-1.6848404538670465
0.9866579498893842
-0.35709590795253376
-0.4092058622466368
-0.5092671240628093
-2.0572637547739063
0.8834907809817238
0.6071683281844855
0.45442841746024953
0.11657745018217014
0.42764289501407404
-0.2739620077093079
0.8556296874830025
1.4250924475430509
0.07654007712230282
0.8750477733401141
1.7057806168526
0.9247337395157658
0.8786854637829151
-0.7037592164770032
2.8170804456489975
0.1724192081373701
1.7303967278461556
0.7604535817353408
-0.11585092666595642
-0.19052270812673555
0.5840459107636491
0.7415163807155878
0.6054671308606814
1.3961946397594787
0.21494239998143883
0.6589549565571247
1.1751523657904457
1.5217578627348374
0.4608859020495757
-0.9269027677912121
1.9070202635254745
0.5009232751094146
-0.2155134212091525
0.7917061252394291
0.3867779298958496
3.3442060661599555
0.33972100149637896
-0.04066608493109669
-0.5313663706276088
-0.6064738431144221
-0.1471034701700944
-0.8201695683214254
0.21188762998647803
0.6739230895830701
0.27069609156329477
-1.7125070591730847
1.221089460977467
-0.3973410288698105
-0.5092671240628093
0.8774008463443224
-0.8884578944515908
0.6049302180960936
1.0372495472862013
2.7006700938045825
0.21494239998143883
0.22062130995524143
0.20615757042570237
-0.012172497191123455
1.319233598623363
0.23720543797077198
-0.18211235407943605
1.029281377637048
0.2966288584415864
1.8200088865358524
1.369308380231395
0.8852321832502739
-0.10569855520196114
0.23069075694957775
1.3944184403582227
1.6821005128100097
0.6204075080896061
1.6104704370482708
1.4281488802543265
1.4817525281211346
1.1831014242987905
1.3776766299019059
1.3881435456406166
1.079388197691216
1.7466026113728574
-1.0883527501000927
-0.04858096145491686
1.260310174130744
0.5874486253580073
1.7229336960788544
0.37387452505995356
0.25494773459513453
1.3191950191206487
-0.501594212293945
-1.2446388892570397
0.8492299693776246
0.877317921874635
0.09715936432505856
0.08671630804350627
-0.1913393680332831
0.17183114578580216
-1.9882708832869582
0.9274756279523615
1.4746688958892165
1.6671748625933347
0.875130697809773
1.0982742491239819
0.32168164629615603
1.1957716529931801
0.7502691718251526
-1.5808292351979034
1.7672583211503152
0.9173232564883307
-0.10432799104364676
1.08252589215585
-0.1303556128688541
-0.12404769387013914
0.4182103388799945
2.015935545156445
-0.41366625944093016
-1.8496243899956752
0.4130123137435504
1.3047698590937955
-0.17113666071574585
1.6653907407998432
-0.39037235955371585
0.7917061252394504
0.14057860228169972
3.1145478338245525
1.1426100629440512
-0.28802011199589117
1.1439267188288014
-1.6602563688292094
1.2340757902830504
2.3326051544814845
-0.06128537213381691
1.159148183276308
0.6744600023476366
0.28475631550352887
-2.696922250382862
-0.06706076249653137
1.9272229708429975
1.0239213960665339
0.24879218692192495
-0.22129436679347236
2.657789431328837
1.1268617059759052
-0.45628356450328766
0.11657745018217724
-0.7698990189815618
1.2766354047018496
1.4245941142811986
0.21234161828139264
0.9348861109797895
3.682077883135605
0.8185603463213909
1.4453848839502612
-0.9358841564558134
0.3138246571927965
-0.5300497147428871
0.2526887748092008
-0.9894231247725571
0.8303118794987014
1.6446559990580027
0.47809128590934336
0.8993047509856567
0.05642029427448847
-1.40074517334412
1.8243863592604583
-0.050476634481000815
0.10652711432865658
0.4574310520332645
1.329303045617678
1.6350865480418548
-0.2348220993720318
0.4603489892850021
1.2828659544524896
-0.056991315502202156
-0.3283481573828695
-1.6602563688292094
4.340133743884273
-1.230585181589447
3.388624804449698
-2.2550894981038354
1.2544583630806088
0.42484677139051996
1.2210894609774527
0.12095881541205955
1.5143369353442893
2.2597348062481117
-0.37404546626630975
0.9709269043551316
0.9547619675018026
0.4904481928721225
0.7631725766610842
1.0610390590230452
0.9604518221178537
-0.06265291404210416
-0.019224090976905472
0.36657522257834074
0.3172481456442995
0.4157654667691091
-0.1935774781216537
0.6928091410158288
-0.991441288928776
0.27518686448738805
-0.3978349780031323
-0.12458460663472692
2.2166062406185816
0.7886053475611803
1.153496169844935
1.6706314854612643
0.6099214812100726
-0.051793290365736766
-0.05081845639510618
0.9156220591645265
0.4982530465535149
0.24070239236382918
-0.7401268606478908
2.3989277974125613
-0.45042662403987777
1.0456177969567264
3.0128489302055215
-0.11229616069283566
0.1785808026554605
-1.1923639687692429
0.6950792895503639
0.9239208619792052
0.25234695289508124
-0.08516219246889278
0.5772962538939694
-0.4443549936380151
2.4806082090277926
0.5724383879553159
0.7675859803371097
0.9929137334661604
1.5336434699688297
0.4561873812680304
0.12531113015092643
