-0.29465301347590866
0.44836602634779865
-0.14068367659464798
-0.7495275991744847
-1.3142042059479024
2.3754027913548157
0.20399926373482913
0.884790570584812
3.3160477925667635
0.5545590313469972
1.8296480456131974
0.1475855298500619
4.524687906401937
3.8027713798300624
-0.6191970254214993
2.9846906566123437
5.040508328939723
-1.1100676618989098
3.959850319436498
2.303645867626585
-0.07838486762369712
-0.20556731124412408
-0.05620263445030105
0.8145445033835017
1.7595943133244418
0.5161626722579911
1.1422978283681005
0.6725760898027602
2.0485498299211713
2.439017751046549
0.9258889518989406
2.03943542293149
-0.4110896387915943
3.983248982826666
1.754576356480129
1.33362819811461
-0.6109804455311405
1.1114649919258568
0.057465033254970876
0.23968312157637683
1.8147826371574922
0.11243849153538577
0.9320315667844739
0.2368000312400511
0.6426113667746733
1.5420900845072083
1.6143147047078799
0.6580759608933135
-1.0652954547441595
1.1450339000911356
2.4457147056433257
0.2717142943691897
1.1342044360904993
-1.4749826822872194
0.909163014253636
0.5734172578677885
-0.11052408481532439
0.16032919377045118
1.1494210342252416
1.787140751843964
2.7644182826801966
0.9123540758234299
-1.0283499892843793
0.48381024871528666
1.936661198868876
-0.5238100332249473
2.2095253435370523
0.7473251689281142
1.478778039199483
0.4428531434051308
-1.4399080993695748
0.36296994937023896
1.3402363120440555
4.286866686925606
1.5222534908585885
-0.191088641072497
-1.0642040384222753
0.7492401357919221
1.4348967458124378
0.41328869558310544
-0.06267673324327916
0.5837336873475465
-0.2626681084156246
-2.4782128023259418
-0.7312785016996202
2.08423891626299
0.4507940335519436
4.845239049482984
1.4101991324450296
0.9535183233727196
0.4246197148530655
1.382382578371221
0.05524566588633206
-1.309039824164472
0.45752687168896955
0.4270024838636175
1.3013909038304519
-0.4467516183740372
0.41964892474297244
2.54431261546074
1.6370384723264806
3.0994095827891783
2.3296068632221534
0.6904672411661181
0.46111857774789655
-1.0696999120677901
0.8610645190183561
3.4838779549083085
2.1556171772208756
-0.6985243750768291
0.30093413926624635
1.2492015270609613
0.9122777817882195
-0.09179793231029976
0.7235504557870343
0.9961751848266829
1.063697287226006
0.5258473486706237
1.8333615857718542
3.5428954016851435
-0.5063092593173906
-2.160541347004795
-0.205213283384154
0.1354318683727911
-0.1642616594657227
1.2956638867350136
1.7965341581086989
2.221930076835889
0.8838931058622279
1.0500560689270912
-0.12235854246227973
0.48814568135432523
1.9160741233635008
0.3107993548804018
-1.0597772811773325
1.3029590204533292
-0.3509920971193594
-0.3523596718228248
-0.02648124403688712
1.2937862538496745
0.45808261781701276
1.245217240770586
-1.2517450177547573
2.7590548783664417
1.6318784053029276
0.41358671503937217
-0.7547455492136805
-1.1825309951775012
1.0751921491677479
0.36360893656581084
1.5495890612026244
1.087297188036132
0.6147424044253
2.0803047954750866
-0.4591639402066221
-1.3514267954936372
0.8630645196850253
-0.07122118279062306
3.3895180219999475
-0.46410179054609557
-0.11459315125634362
2.075332220031555
-0.22887861505182627
-0.5855535589904832
2.1108715400633855
0.7987796689742765
2.660940723832937
-0.8711861314184262
-0.4853046961895018
0.05340525521833683
0.30000269362108156
1.165396480039817
1.3578342615014947
1.9303763290953668
0.09295134483258494
0.16566087033413623
2.1084082402460638
3.1242717398153843
0.12601902614525784
-1.3134554423748455
-0.3084635607984012
0.33318564926648264
-0.40135652819100187
3.997976904019339
-0.4986588384028323
0.3857208248903419
-0.8090312445357313
-0.5903500742740562
0.7516994257886154
-0.3104952723073495
0.18498807704946785
2.2298013361616142
0.7864915937191483
-0.40395405053533295
0.38538541476626165
-0.5332382884081994
3.2821383122573593
4.1472225554831255
-0.6343702653535956
2.870736490143088
0.2536580672466471
-0.46862557625800605
1.2849038636209968
0.09080411985422643
1.4967486808636181
0.0005744291577229887
0.9018759373518037
1.129786866164352
1.638864300335598
1.1937341117022697
-0.3622804046238173
0.8932453496188941
-0.48770108977265636
1.9976988027040647
0.1839700481639852
-0.070155600654914
-1.1833681608772508
0.38236044421506676
1.6597294389324588
4.282575499011045
-1.0365159063570104
-0.24765828743051088
0.17336131449945924
-1.0113878808852519
0.17559978921312336
1.6002847875080874
0.6442790503827212
2.1006919457760205
2.4016769129379156
3.8269438294226745
0.34939161538636654
-0.546117872850914
1.4146736400571172
-1.748250026152533
-0.8371270385156038
-0.8115279032441265
2.6993557540709503
0.5385932819961283
0.14248195809091158
-0.10074951626091888
0.372146767491472
-0.1484723387513327
0.6635554266579504
1.5304155958866659
3.0293779795682667
-0.6863538394565865
1.2839604606792818
1.0221128336820016
1.3358234035409282
1.1270717545809532
0.7249828971990837
-0.7155230072979748
0.5487528360237945
0.7750422365781446
1.8391644713856579
0.05662869556675787
0.3540394855496345
1.749767806716875
1.4427103021544667
-0.32228327808275026
2.260672854704012
1.7160017460100505
1.8934879713451096
2.333855381775379
1.46813795479369
0.701959474280784
0.08398813475199063
1.0924209718550344
0.28615516835930066
1.7907976842431594
-0.01172350007118439
1.0350691095080435
-1.523835648870545
0.17980699580806458
-0.1186111966126191
0.7146191367960455
-0.6143835672227453
-0.2207284591342784
-0.07388829324185053
-0.34196896690176004
0.26816814878117157
2.405907718344878
-0.050001192243854575
-0.0548368451579222
0.11133641627469615
1.6872024418558453
1.8100650420978184
0.07714712172594318
0.44277594263860465
0.22735443741828476
0.46773882235021347
-0.6309191608040692
2.235301183027701
-0.20629522614561324
2.8966546227642027
-1.3608648920291273
0.3833976791509315
-0.41266889703661036
0.9642530443693431
-0.27160913224420824
1.0957349735526236
-0.5541017274869944
0.8083407539152461
1.1454356800662424
1.0666946667649597
-1.1400765830981925
0.3004328980528328
2.250239648400793
2.151609624024587
2.4969607863469037
2.6008367042070972
2.0074040113524063
1.502832326728111
0.09141153514610778
1.3801595193803564
1.9501180321142328
0.3541805452080098
-0.3985260722160433
-0.5368625942454059
1.7184158777950813
-1.987909076735633
-0.05566261180553056
0.9891233322377957
3.8370657649973907
1.6645898682059226
1.7233977146345296
0.3801028336069976
-0.10328350780957862
0.44725523997877303
-1.8539199134462194
-0.6720170376628403
1.7478148526498956
-0.0900049770520468
2.1603534898340797
3.360526968649424
0.0397373042134177
1.8028339920136318
0.6625257539492395
2.6637669678563043
-0.1113958214193076
-0.6138681171883036
3.0167785625245642
0.8338611891644803
4.977401897036913
0.6456534408947618
0.5077495326866881
1.1567877102920079
2.836985402309807
0.5891425537243435
1.5687805763034248
2.329136844008559
-1.455968752500155
-0.5164250566232056
0.6294708979658594
0.08920215107468721
-0.0043464313159233825
2.2564704887329015
4.965020340784605
2.431949022745215
0.8806318669257109
-0.04042303473849529
-0.07208424886238163
4.147822058651428
2.8572236973272993
-0.5638418161252616
1.2886169934048723
0.373378755026323
0.5858198921308713
0.6527265588344449
-0.2538843536904949
-0.422719232890131
3.229895509240322
4.377809996737625
0.004333210927001119
2.445184623468208
0.6552924013785173
0.7351932202539331
2.00811180610566
0.7917559099892344
2.5219054108522982
3.6083702445750703
-1.1402266318643512
1.2590518394218577
1.0436178359033192
1.4090113510289939
0.525687176787244
2.90147993816106
0.6220925791183163
-0.3916984494769622
0.8300437356052157
1.0260732348981207
0.07876667392508807
-0.49840350304981484
3.438325401160398
-0.06585286087118902
-0.10042650077579651
-0.02725114110117488
1.9127774040639451
0.7095845454846312
1.1704425902294417
3.211488284813953
0.5966308082350338
0.44079037234783414
0.22201861860165195
0.6304117591156739
1.8114264661007269
-1.5243124827029817
0.1315268925209807
0.9756757425168132
1.1555072233959152
1.2823816222620223
2.264903109089545
2.7398771737640004
-1.3755848361854817
3.6747761407058874
-0.7636063666818416
1.0656508942740572
0.3976052757881803
2.159923100381576
-0.4675189437029985
0.7870517595938225
1.4860151997414164
0.32832081395707746
2.710024210614364
-0.19511881944686138
1.1810734238091811
1.8524384006336163
2.557684630688783
1.9315858672841273
1.934828883380419
1.678589352820211
-0.6920110793176377
0.5776814487678621
1.8389986961408908
2.3990505149490673
1.2212420935083514
3.7993254370145735
0.3358112442846277
1.4644028979945176
1.3423798019247783
-0.12979462549904497
0.4683697395082902
0.4570154925002612
1.4611016076762837
0.41688137793349256
2.610249494453285
0.0744030306372565
0.6599490717607068
0.8671547972725193
0.0779434369533476
1.2557482543755043
-1.6788217770778715
-3.1318291441292274
-0.49912395518541075
4.071051315769694
-0.35320047748555794
2.8011958936016583
2.0603330316357926
0.06756513635474448
-0.34437802628048075
-0.31225513969246776
1.2981479094549115
0.38591139182750567
-2.0106757591021562
0.19719873851991565
1.069351687574141
-0.2181667185097922
0.898012719935366
2.600862011919048
1.4398013484005503
-0.3739956815164476
0.2968501225446971
0.6454820824172032
1.3698070103459372
0.16678773683403847
0.9304618298270668
1.2257052689045054
2.5692446595065803
1.3998529823607555
0.732729563906446
1.3817538749477478
1.305857654924523
-0.42588449605466394
2.2241616445868715
0.6488585767429242
-0.456752827037576
1.4355815620704675
0.462360042835968
1.5344648956484832
0.7472743932213746
1.620966539123998
0.6197426512827064
1.0957661162311751
1.0611684283508964
1.4801037274245914
1.0204556777257494
1.3943860773750032
2.30396599605092
0.08540650495044133
-0.7613142674283893
1.907078584701253
0.8284355541198636
1.1036261561896765
1.9484189341095828
0.5088193523145037
-3.3555602182370308
0.9048821077442426
1.5129052808738948
0.8753744938020418
1.1691017231741512
2.476339992929212
0.02607066557811777
-0.9082872584756387
-1.0022067888750428
0.6347803982897631
1.2896731802669592
0.015943037564113638
1.507211643887814
1.7649904310172246
4.390618180277812
-0.9838723001444123
-0.7079922107663492
-1.317710315830908
0.08407795885452174
-0.012084012002048894
-0.44220113571870456
2.456760459420252
1.0093035057416557
0.8561854670727485
0.6758774873352706
2.160353489834108
0.35391778597676193
0.1693485970848485
0.0060006943423331904
1.603798235397818
1.1166004547136197
0.31295952879554534
0.33159144301572496
0.8438036575243189
-0.19785717281823167
-0.30495581603409505
0.05558815348445023
0.3219523433278937
0.2527537796426884
3.7044419847282484
3.8535070886446476
0.7769038473093701
1.9361945529398668
0.5644874383055196
-0.4134521973940366
-1.155522951408642
2.9035640345859974
5.163123641305901
-0.6638960370053724
1.081153300337661
3.2043771764193423
0.49916748448811177
-0.0718818105514174
0.9007461936976426
1.1518684254899085
-0.40348000007369933
1.086888788596923
1.6488232839769807
-0.7738905192676384
-0.849247797992291
-0.01229518145333941
0.45804765019710203
0.24561167046655896
2.148178834781362
1.7228564894216447
2.2680387306357943
-0.29396002916857356
-0.045088100161791544
1.1318271193533178
1.9419223200924307
3.3741838543010942
0.39609595882168946
1.5289215908741483
0.9533158112381841
1.3167103523639128
0.7797975849269108
2.182577968475499
-2.0089679881917846
0.7126021310856459
1.6195465923659356
0.5120150569730129
1.536094321001059
2.578822824695976
-0.7522621540001921
0.3148911644335328
-0.018722259264393415
1.0969024600434523
-0.8500526748973414
1.9181557568636833
2.398700740875114
2.0196241226872473
-1.8917623077747692
1.5424936684196382
-1.591459293978744
1.248041089400715
2.9566858816751846
0.8080071157536963
0.18663682890988298
4.401389669210744
-0.1103109579349848
2.7926139204832054
1.9589995008708172
-0.6193397289459028
4.025982807628537
-3.117053757809316
2.934579863684945
1.8476292885406167
2.022406674445847
-0.7021018157282697
1.47221254478751
-1.8957151819857359
1.5221430576086732
2.8459780124995007
-0.24247920481118967
0.9826910409060474
2.0915855751398738
1.8310446380622807
4.0568869135098
-0.15878097405766312
-1.005042000470354
-0.18940702830050782
-0.6420752220683994
0.25501649228851875
-0.0564337505791741
3.3302646203662505
0.756353564929384
1.580870946691988
1.8960625064873682
-0.45501983757711173
0.3898361043409295
0.84671109419304
5.092283667492296
-2.235192338401788
0.9667402254970057
0.0473611703839083
2.320102658444142
-0.6173391443239211
-0.1469776590892593
1.1040166843142174
0.383885673560286
1.7111698623610891
0.5430932857042308
0.7090729924074992
6.146081748321706
5.464367376772856
2.526269803444535
3.14071246214678
-0.43034406506424716
-0.48151864555700286
2.4213362660007647
1.4680696835538924
-0.7474340750100055
2.084535345765687
1.1996912292163415
2.7741096544540653
-0.4990511243186688
0.400209428233552
1.7073859578110842
0.1505052399533895
2.0081588960668455
-0.2158878146310883
2.9909658348658184
-0.16556889945346143
0.11601935868762325
2.122901401772765
2.6301714545037953
-0.34679704589200355
3.714054844825597
1.9474262404484932
1.6586539101207052
0.16862300304691757
1.0351759181113493
1.8719921097755048
0.9514117046306012
-0.19950653673947727
0.35671610709684387
-0.05422359753228534
1.9690346830486476
0.39230219683611267
-0.1383040839651244
-0.8167857081565444
-0.9998674995871681
0.8436866853841707
0.4871563071517073
0.1196353840010147
1.8395759093671984
1.5556243333584234
1.4666335364590566
0.2121314304758073
1.2448531429245406
4.59367423633762
0.23151463979291975
0.2357967854402716
0.34202786927821194
0.43795593683049105
0.35740659284971343
2.548270257853659
-0.2654928970618755
-0.2700366875453142
0.6455877062826687
1.2309070757522136
1.4028184886729775
1.54940095164892
3.059025724643419
1.2092326227520687
0.8579793131341376
1.8989960944592212
0.8788468715569309
-0.1098340844730501
4.273631405182002
0.7920466796351775
0.9534187513723111
0.2476672403160478
-0.8884237339994172
1.8445294722849894
0.0679338306459556
0.2341608487695055
1.2668339798638613
0.945264635553599
0.4006912793049935
0.747919046803986
1.363781152420671
4.192570433787921
3.5569421237025267
0.2939132756371805
0.37223171104884045
-1.198639268489444
1.8987650284459505
1.6117815513997868
0.0880908224331165
-0.1828236773258709
-1.1135586294837765
1.2484840622281865
-0.1800285737233196
1.2650910504841306
0.6286612399964611
0.7777715557460851
0.6359329710568318
0.03148954685167382
1.5730685179933914
0.2961075614221329
1.4302506027516984
4.290164034100542
0.7995168134936819
-0.5728983873369486
1.9844568366849273
1.3357476574152258
0.7656605696125212
0.8666211102927548
0.8529429314416745
1.575941787653278
2.3277006310678985
-0.13895047314019848
3.3876129493366705
-1.433895092082281
0.5155669441940631
-2.6818748154427112
0.2416965087740266
2.2150827584897
-0.5220341508291142
2.6526349826189346
0.522701244571067
2.42421417590856
0.007197346792963799
1.7160017460100505
1.3067713788824165
0.5343662065022841
-0.8771966714056134
0.5329082606458542
2.523322921431401
-0.6247174435836769
1.4439721319748173
0.6827065543016602
1.97678827874023
3.502400140970664
1.3550121841918212
-1.0050449104151653
3.3773654937061224
1.295089871791106
2.7108548015939107
2.0565143682481732
-0.3021663224050144
0.35898197994887937
1.3216539411530448
1.0099841494280497
1.1021465442175895
3.1014312972083644
3.117340136084181
-0.9409495779867427
1.2923941182116891
-1.4730220175374598
0.4023115185860604
1.9195914414551112
2.026959787000436
0.8637182701331767
1.1077165595595488
2.5714784340182746
0.707573207930551
-1.2412742812805675
-0.66384020235094
0.9833139385544314
0.709760085292146
-0.25275105125825803
1.2593812434874678
1.0339239394408821
0.584590374722751
0.7252332496211693
2.5260291280361287
3.643607300942733
1.5910452220340972
2.161131156116852
1.2548804370347568
-0.8026296203134962
1.3881561490142076
0.4294926422995502
-0.2346158970419765
0.5945747795757654
1.8813737444902472
-0.5630772553285226
2.1551658401047575
0.9979819309176889
1.638964678223033
0.5260734703052776
0.3281298820747054
0.5228397831242546
1.872697291493779
0.5096291630036944
-0.5683090953133672
0.5689487682655283
-4.9437426166958005
0.08124602559163918
0.14923939674551434
1.297731469580384
1.099392410691621
0.6833970390882484
1.8217359789836678
1.2797452281216977
4.606894349581921
2.201195570541074
0.08902621291062474
3.4680900417605187
-0.7775170272924754
1.7918730644197183
1.5245194778089228
0.541480480242285
-2.307243059676466
0.47440951110439755
0.5719488756970179
0.26329283441796747
2.2372611662613338
1.5803904173612011
0.9579298724949581
0.7994508865773469
-0.18502894941642012
1.5887750594328907
3.3736576215888476
2.906814321241427
1.4791812141035905
0.9301658946014584
0.11678213604045595
-0.2401577564446029
0.4616409550333458
0.809467203763603
1.4282436469074469
1.400443556682518
0.8295798386124034
2.1143485726099414
0.08572104874946262
0.20181889013409204
2.236117842934192
0.6097639998151578
-0.4202848951258318
3.5347769707322243
2.569215189851292
-0.1732172859024672
1.78384964365722
2.8690307310414767
-0.009535734561779918
2.487575479060979
0.05457377377709349
0.5004069044728396
4.35448687460061
-0.6689921017436404
-0.9846749257817464
0.6419155260803677
2.4315409788126487
-0.1199100996036293
1.461362029977522
0.5599871696580294
1.947513546994685
0.4458568147113624
0.07299313475920144
2.3165623754375417
0.46615777749755694
0.6513386712109366
-0.7564517417702064
1.072089903071344
-0.3570152551908734
1.2378944561462788
-0.34491564656468654
1.2572645288477133
1.9355194002089604
0.7566433217663473
0.5831940466903802
-0.7391152069692168
-0.29265322462848076
2.036295161066846
2.4415366273067036
0.29288116354479143
0.11791525255409852
1.921455594866302
-0.3715245907709459
-0.5440645952326122
1.6822556107948117
2.4730364230010764
2.0764624135656504
3.5498034673702534
1.2371812427010127
1.3984573746822946
-3.494934978398277
2.0334279439971112
1.423802140973578
4.390858058118312
-0.6264665018268829
3.6160956972815086
4.614238323837725
1.6663032139987592
0.769453987980171
0.1053513036813456
2.2437927894166023
1.7754251664808294
-4.380192093907198
2.004277971510504
4.276339921655307
-0.9436148113099421
0.6311701337188254
2.6985390941643743
0.2930561586667011
0.9089429596952243
-0.028823281529327005
-0.5404331237100735
2.1009406735016114
0.23573260021103692
-0.0050364683319514825
-0.11372318987025665
0.39184033942262886
0.5784175156156834
0.9363578648493842
-0.363439795669791
0.14030728289338867
-2.6836736081672257
0.12200134126229045
0.40431210320809896
2.7498254844172436
2.9395114290466324
-0.03195157647152769
1.3843544713109281
-0.11772469157801879
2.226470849388818
3.3849065877390103
1.1914126844450834
1.9321687877319391
1.875072962550945
0.6024794238546747
-0.11937167550127015
-0.057899204916736835
0.7167218661097081
0.5056437458399614
1.1927260077101778
1.7800460675921101
-0.7517838629978257
1.5345653749809287
1.3291707174467149
1.0866466751799067
0.3283208139571059
0.9007569119142147
0.986967806116553
-0.986590858942975
0.45334294278592324
-0.031827256682362304
-1.0317957224499708
0.6603303633858673
1.8074527748759692
0.3199265378053724
2.4621503161001783
1.333592414201803
3.350441450847569
1.9604479244630113
0.5600823093218992
-0.8130304276049287
-0.5842415180026705
-2.2107263524995915
0.13203057912494387
0.3337161967529312
1.724509443487193
